Cell_line	CI.05	CI.95	mean	penetrance
KYSE510_OESOPHAGUS	-4.102076655	-3.30410136	-3.588465685	0.142857143
8505C_THYROID	-3.934955951	-2.708596354	-3.087719977	0.142857143
GI1_CENTRAL_NERVOUS_SYSTEM	-3.623834097	-3.623834097	-3.623834097	0
A549_LUNG	-2.029711402	-1.004661574	-1.318449421	0.285714286
LU99_LUNG	-0.990390573	1.548352417	1.144733932	1
CAL29_URINARY_TRACT	-3.94752451	-3.94752451	-3.94752451	0
5637_URINARY_TRACT	-3.751187045	-3.751187045	-3.751187045	0
SW948_LARGE_INTESTINE	-4.303123683	-4.303123683	-4.303123683	0
NCIH1339_LUNG	-4.036306453	-4.036306453	-4.036306453	0
HEC1A_ENDOMETRIUM	-3.826101177	-1.444990234	-1.837921136	0.214285714
SNU840_OVARY	-1.792686623	-0.800887018	-1.0898384	0.214285714
HCC827_LUNG	-3.732908389	-3.732908389	-3.732908389	0
GAMG_CENTRAL_NERVOUS_SYSTEM	-3.941488353	-3.941488353	-3.941488353	0
NCIH1437_LUNG	-4.388226489	-1.312200288	-1.783679479	0.142857143
GB1_CENTRAL_NERVOUS_SYSTEM	-4.055034096	-4.055034096	-4.055034096	0
NCIH322_LUNG	-3.987580021	-0.751267497	-1.151783921	0.142857143
SNUC2A_LARGE_INTESTINE	-4.535703358	-3.844714694	-4.087905051	0.285714286
CORL23_LUNG	-3.924864093	-3.320932835	-3.525426427	0.142857143
SNU761_LIVER	-3.842471158	-3.842471158	-3.842471158	0
NCIN87_STOMACH	-3.584646224	-3.584646224	-3.584646224	0
RERFLCAD2_LUNG	-3.719774656	-0.590746027	-0.957806767	0.142857143
HCC1806_BREAST	-1.684262263	-0.774515296	-1.067440922	0.571428571
NCIH1793_LUNG	-3.794061674	-3.794061674	-3.794061674	0
MESSA_SOFT_TISSUE	-3.952293749	-3.952293749	-3.952293749	0
NCIH1975_LUNG	-3.923915736	-3.923915736	-3.923915736	0
MFE296_ENDOMETRIUM	-3.597726125	-1.346938084	-1.810996627	0.214285714
KYSE270_OESOPHAGUS	-3.935367117	-3.421756147	-3.691258786	0.071428571
KYSE150_OESOPHAGUS	-0.847757713	0.134726333	-0.205086113	0.714285714
PSN1_PANCREAS	-2.978993743	-0.708001437	-1.175203462	0.285714286
OC316_OVARY	-3.854518238	-3.854518238	-3.854518238	0
CAL27_UPPER_AERODIGESTIVE_TRACT	-4.2278894	-1.61208906	-2.084749008	0.142857143
A172_CENTRAL_NERVOUS_SYSTEM	-4.269424937	-4.269424937	-4.269424937	0
TE11_OESOPHAGUS	-3.16985891	-0.453632021	-0.923000176	0.214285714
BC3C_URINARY_TRACT	-3.901733716	-3.901733716	-3.901733716	0
ESS1_ENDOMETRIUM	-3.643788621	-3.643788621	-3.643788621	0
HS944T_SKIN	0.404604261	0.880548682	0.695767542	0.857142857
NCIH2023_LUNG	-3.888088654	-1.667468996	-2.139395143	0.071428571
RH30_SOFT_TISSUE	-3.963318777	-3.963318777	-3.963318777	0
8MGBA_CENTRAL_NERVOUS_SYSTEM	-3.68206281	-3.68206281	-3.68206281	0
MPP89_PLEURA	-3.660937942	-3.660937942	-3.660937942	0
GCIY_STOMACH	-4.050013295	-4.050013295	-4.050013295	0
SNU213_PANCREAS	-3.763874854	-1.15286171	-1.475837192	0.142857143
SF539_CENTRAL_NERVOUS_SYSTEM	-3.531791206	-3.531791206	-3.531791206	0
YD8_UPPER_AERODIGESTIVE_TRACT	-3.881741737	-3.881741737	-3.881741737	0
HARA_LUNG	-3.825738018	-2.26400536	-2.685122929	0.142857143
MHHES1_BONE	-3.52178883	-3.52178883	-3.52178883	0
MELHO_SKIN	0.284252261	1.420095243	1.082519458	0.785714286
U251MG_CENTRAL_NERVOUS_SYSTEM	-3.854022892	-3.854022892	-3.854022892	0
JIMT1_BREAST	-3.680587499	-0.014488095	-0.491422014	0.071428571
PANC1005_PANCREAS	-3.833471246	-3.833471246	-3.833471246	0
NCIH1703_LUNG	-3.595341992	-3.595341992	-3.595341992	0
KYSE410_OESOPHAGUS	-3.707448561	-0.810642435	-1.286663524	0.071428571
HT144_SKIN	-3.616830907	-1.215106646	-1.688797273	0.071428571
SNU601_STOMACH	-3.583723665	-3.583723665	-3.583723665	0
LS411N_LARGE_INTESTINE	-3.950015023	-3.950015023	-3.950015023	0
U2OS_BONE	-3.554847537	-3.554847537	-3.554847537	0
22RV1_PROSTATE	-3.824015414	-2.97677944	-3.220084156	0.142857143
OE19_OESOPHAGUS	-3.980970466	-3.980970466	-3.980970466	0
SH4_SKIN	-3.592183472	-3.078572502	-3.348075141	0.071428571
NCIH661_LUNG	-3.981894497	-3.981894497	-3.981894497	0
LC1SQSF_LUNG	-3.841707003	-1.019509124	-1.495324318	0.071428571
JHH1_LIVER	-3.809159365	-3.809159365	-3.809159365	0
NCIH28_PLEURA	-3.423945854	-3.423945854	-3.423945854	0
GMS10_CENTRAL_NERVOUS_SYSTEM	-3.684449554	-3.684449554	-3.684449554	0
HEYA8_OVARY	-0.650176658	0.716351719	0.295316856	1
RKO_LARGE_INTESTINE	-4.271988274	-2.912622931	-3.238317901	0.142857143
CAL62_THYROID	-3.91544378	-2.144245789	-2.597819453	0.214285714
HLF_LIVER	-3.322593535	-3.322593535	-3.322593535	0
T24_URINARY_TRACT	-3.913884902	-1.293349561	-1.768394753	0.071428571
ES2_OVARY	1.344701091	2.534857635	2.169360804	1
YD15_SALIVARY_GLAND	-3.66612533	-3.66612533	-3.66612533	0
KYSE70_OESOPHAGUS	-4.008565372	-4.008565372	-4.008565372	0
KP4_PANCREAS	-2.553801727	-1.667904831	-1.94279932	0.428571429
A2780_OVARY	-0.582164699	-0.266163364	-0.400275508	1
AGS_STOMACH	-2.961267462	-1.77422961	-2.159754853	0.5
ISHIKAWAHERAKLIO02ER_ENDOMETRIUM	-4.021984571	-1.555233938	-2.026080346	0.142857143
HGC27_STOMACH	-3.645394147	-3.645394147	-3.645394147	0
647V_URINARY_TRACT	-4.072463246	-4.072463246	-4.072463246	0
CAL12T_LUNG	-3.778420169	-3.778420169	-3.778420169	0
L33_PANCREAS	-3.96370396	-3.96370396	-3.96370396	0
SF295_CENTRAL_NERVOUS_SYSTEM	-3.617044793	-3.617044793	-3.617044793	0
UO31_KIDNEY	-3.751814638	-3.751814638	-3.751814638	0
YD10B_UPPER_AERODIGESTIVE_TRACT	-3.910851653	-3.910851653	-3.910851653	0
DMS273_LUNG	-0.431731615	-0.077204144	-0.224052024	0.928571429
G361_SKIN	-3.824413544	-3.310802575	-3.580305214	0.071428571
OAW42_OVARY	-3.610798943	-3.610798943	-3.610798943	0
HMC18_BREAST	-4.20553028	-4.20553028	-4.20553028	0
CAL54_KIDNEY	-3.424612461	-3.424612461	-3.424612461	0
MIAPACA2_PANCREAS	-4.045890717	-4.045890717	-4.045890717	0
SW620_LARGE_INTESTINE	-0.549735238	1.262706367	0.859651081	0.857142857
SKHEP1_LIVER	-0.336556696	0.506855543	0.230613525	0.857142857
SW480_LARGE_INTESTINE	-1.65345317	-0.097321732	-0.422034851	0.214285714
YKG1_CENTRAL_NERVOUS_SYSTEM	-3.98584558	-3.98584558	-3.98584558	0
J82_URINARY_TRACT	-3.788478117	-3.788478117	-3.788478117	0
KYSE30_OESOPHAGUS	-4.211283334	-1.847545401	-2.156695599	0.142857143
NCIH2172_LUNG	-3.950610627	-3.950610627	-3.950610627	0
G401_SOFT_TISSUE	-3.570835643	-3.570835643	-3.570835643	0
SNU407_LARGE_INTESTINE	-2.824701605	-0.624227814	-1.050274912	0.214285714
AN3CA_ENDOMETRIUM	-3.68389993	-3.68389993	-3.68389993	0
PLCPRF5_LIVER	-3.712627015	-3.712627015	-3.712627015	0
YAPC_PANCREAS	-3.769028846	-1.113087411	-1.507074871	0.142857143
SCABER_URINARY_TRACT	-3.800276075	-3.286665105	-3.556167744	0.071428571
G292CLONEA141B1_BONE	-3.433839094	-3.433839094	-3.433839094	0
JHH4_LIVER	-3.714510416	-3.714510416	-3.714510416	0
HS766T_PANCREAS	-1.658841577	-0.71664722	-1.007951567	0.357142857
SW837_LARGE_INTESTINE	-3.887630175	-3.887630175	-3.887630175	0
KURAMOCHI_OVARY	-3.799995523	-3.799995523	-3.799995523	0
YH13_CENTRAL_NERVOUS_SYSTEM	-3.301888387	-3.301888387	-3.301888387	0
NCIH2052_PLEURA	-3.363181296	-3.363181296	-3.363181296	0
COLO679_SKIN	-3.737145442	-3.737145442	-3.737145442	0
A704_KIDNEY	-3.573207546	-3.573207546	-3.573207546	0
NCIH596_LUNG	-3.533608884	-3.533608884	-3.533608884	0
KP3_PANCREAS	-4.211936	-4.211936	-4.211936	0
SKUT1_SOFT_TISSUE	-3.937110245	-3.937110245	-3.937110245	0
42MGBA_CENTRAL_NERVOUS_SYSTEM	-3.913560923	-3.913560923	-3.913560923	0
A375_SKIN	-2.191826168	-1.270491158	-1.578497803	0.785714286
FTC133_THYROID	-3.832430708	-3.832430708	-3.832430708	0
HT1080_SOFT_TISSUE	-0.810436695	-0.205412186	-0.435983672	0.928571429
SNU1077_ENDOMETRIUM	-3.475764983	-3.475764983	-3.475764983	0
JHOC5_OVARY	-3.776054241	-3.776054241	-3.776054241	0
NCIH1299_LUNG	-4.26304625	-4.26304625	-4.26304625	0
PANC1_PANCREAS	-3.96418496	-1.525140653	-1.99911275	0.071428571
SNU1076_UPPER_AERODIGESTIVE_TRACT	-3.355439657	-3.355439657	-3.355439657	0
IGR37_SKIN	-0.343338066	0.301232929	0.065967663	1
JHH6_LIVER	-3.919675581	-3.919675581	-3.919675581	0
NCIH460_LUNG	1.717777572	2.459708851	2.207549339	1
SJSA1_BONE	-3.253502711	-0.211154836	-0.552065015	0.214285714
A2058_SKIN	-0.619931154	1.293832901	0.948826466	1
ACCMESO1_PLEURA	-3.69081096	-3.69081096	-3.69081096	0
VMCUB1_URINARY_TRACT	-3.920633232	-1.595415817	-2.068448693	0.071428571
YD38_UPPER_AERODIGESTIVE_TRACT	-4.038823639	-2.122546871	-2.495447143	0.142857143
BFTC909_KIDNEY	-4.330648235	-4.330648235	-4.330648235	0
DAOY_CENTRAL_NERVOUS_SYSTEM	-4.267325048	-4.267325048	-4.267325048	0
EFO27_OVARY	-3.876831761	-3.876831761	-3.876831761	0
IGR1_SKIN	-3.812171508	-2.749196669	-3.069767836	0.142857143
LI7_LIVER	-3.757112879	-3.757112879	-3.757112879	0
OVK18_OVARY	-4.088137073	-4.088137073	-4.088137073	0
SBC5_LUNG	-2.846440865	-1.165394157	-1.477089899	0.214285714
TOV112D_OVARY	-3.865033764	-3.865033764	-3.865033764	0
KELLY_AUTONOMIC_GANGLIA	-3.624254925	-3.624254925	-3.624254925	0
PATU8902_PANCREAS	-3.6632511	-3.6632511	-3.6632511	0
TT2609C02_THYROID	-4.107432801	-1.494019463	-1.96665495	0.142857143
QGP1_PANCREAS	-4.031886531	-3.289482859	-3.632448865	0.071428571
SW1710_URINARY_TRACT	-4.108744349	-4.108744349	-4.108744349	0
BECKER_CENTRAL_NERVOUS_SYSTEM	-3.82014788	-3.82014788	-3.82014788	0
NCIH520_LUNG	-4.076935937	-3.074691383	-3.398272797	0.142857143
SNU685_ENDOMETRIUM	-3.810120042	-3.810120042	-3.810120042	0
SW1353_BONE	-3.409015511	-3.409015511	-3.409015511	0
A101D_SKIN	-3.241810862	-0.052879449	-0.511520756	0.285714286
BHT101_THYROID	-3.534126826	-3.534126826	-3.534126826	0
HEC1B_ENDOMETRIUM	-3.984471374	-1.83431951	-2.285235029	0.142857143
SNU61_LARGE_INTESTINE	-3.890829412	-3.890829412	-3.890829412	0
SNU886_LIVER	-3.593539937	-3.593539937	-3.593539937	0
SW1573_LUNG	-3.975478297	-1.037102976	-1.513224371	0.071428571
G402_SOFT_TISSUE	-4.243277472	-4.243277472	-4.243277472	0
PECAPJ15_UPPER_AERODIGESTIVE_TRACT	-4.019959884	-1.84942823	-2.320723539	0.071428571
RL952_ENDOMETRIUM	-4.169732775	-3.006043026	-3.427329102	0.071428571
CADOES1_BONE	-3.520081704	-1.30836464	-1.769950193	0.285714286
COLO668_LUNG	-3.284766678	-3.284766678	-3.284766678	0
LS513_LARGE_INTESTINE	-4.167149647	-4.167149647	-4.167149647	0
RMGI_OVARY	-3.922648031	-3.922648031	-3.922648031	0
VMRCRCW_KIDNEY	-4.056280279	-4.056280279	-4.056280279	0
CAKI1_KIDNEY	-4.06022879	-4.06022879	-4.06022879	0
OV7_OVARY	-2.993282	-2.993282	-2.993282	0
BEN_LUNG	-3.683166014	-3.683166014	-3.683166014	0
MKN1_STOMACH	-3.759737956	-3.759737956	-3.759737956	0
LCLC103H_LUNG	-3.597471182	-1.132586743	-1.603572286	0.214285714
NCIH1573_LUNG	-3.855507238	-3.855507238	-3.855507238	0
DBTRG05MG_CENTRAL_NERVOUS_SYSTEM	-3.873645779	-3.36003481	-3.629537448	0.071428571
PECAPJ41CLONED2_UPPER_AERODIGESTIVE_TRACT	-3.661903256	-3.661903256	-3.661903256	0
HCC4006_LUNG	-3.511823186	-1.354771251	-1.825884162	0.071428571
NCIH1581_LUNG	-3.504957813	-3.504957813	-3.504957813	0
CALU1_LUNG	-2.999530949	-2.999530949	-2.999530949	0
NUGC4_STOMACH	-3.702031823	-3.702031823	-3.702031823	0
NCIH1563_LUNG	-4.057677974	-4.057677974	-4.057677974	0
JHUEM2_ENDOMETRIUM	-3.600925695	-3.600925695	-3.600925695	0
JHOM1_OVARY	-4.184048558	-4.184048558	-4.184048558	0
SKOV3_OVARY	-3.828506333	-3.828506333	-3.828506333	0
SKNBE2_AUTONOMIC_GANGLIA	-3.968870777	-0.925382112	-1.401718252	0.071428571
LUDLU1_LUNG	-3.857355564	-3.857355564	-3.857355564	0
HCC1359_LUNG	-4.003501165	-1.748775789	-2.221092144	0.071428571
PK1_PANCREAS	-3.91193739	-2.187268823	-2.648317532	0.071428571
SNU466_CENTRAL_NERVOUS_SYSTEM	-3.944315669	-3.944315669	-3.944315669	0
SKLU1_LUNG	-3.805433862	-3.805433862	-3.805433862	0
NCIH1838_LUNG	-4.142991866	-4.142991866	-4.142991866	0
SNU245_BILIARY_TRACT	-4.235883094	-1.320772347	-1.796838787	0.071428571
MKN74_STOMACH	-3.818402914	-1.193183641	-1.668251051	0.071428571
KYSE180_OESOPHAGUS	-3.870436253	-0.749019156	-1.225484161	0.071428571
KMRC1_KIDNEY	-4.118759898	-4.118759898	-4.118759898	0
CALU6_LUNG	-4.350372077	-4.350372077	-4.350372077	0
GOS3_CENTRAL_NERVOUS_SYSTEM	-4.059302953	-1.623849601	-2.097795647	0.071428571
HUH6_LIVER	-3.707101126	-3.707101126	-3.707101126	0
PK59_PANCREAS	-3.818133835	-3.818133835	-3.818133835	0
TCCSUP_URINARY_TRACT	-3.860174474	-3.860174474	-3.860174474	0
HS939T_SKIN	-2.982290164	0.501843314	0.088056411	0.285714286
TOV21G_OVARY	-3.644592126	-3.644592126	-3.644592126	0
OVTOKO_OVARY	-3.958474934	-3.958474934	-3.958474934	0
TE1_OESOPHAGUS	-3.547631937	-3.547631937	-3.547631937	0
DANG_PANCREAS	-3.990032899	-3.476421929	-3.745924568	0.071428571
LMSU_STOMACH	-3.51508041	-3.51508041	-3.51508041	0
MSTO211H_PLEURA	-3.886021675	-3.886021675	-3.886021675	0
T47D_BREAST	-4.173252246	-2.066974867	-2.537348376	0.071428571
PC3_PROSTATE	-3.897270218	-3.897270218	-3.897270218	0
VMRCRCZ_KIDNEY	-3.544610746	-3.544610746	-3.544610746	0
RVH421_SKIN	-3.830472953	-3.830472953	-3.830472953	0
JHOS2_OVARY	-4.093381285	-4.093381285	-4.093381285	0
HS852T_SKIN	-3.62509536	-3.62509536	-3.62509536	0
SNU738_CENTRAL_NERVOUS_SYSTEM	-3.784279205	-3.784279205	-3.784279205	0
SKMEL30_SKIN	-3.788766207	-3.788766207	-3.788766207	0
NCIH522_LUNG	-4.192143911	-4.192143911	-4.192143911	0
PATU8988S_PANCREAS	-4.215076797	-4.215076797	-4.215076797	0
MFE280_ENDOMETRIUM	-3.986759307	-3.986759307	-3.986759307	0
OVSAHO_OVARY	-3.794630308	-3.794630308	-3.794630308	0
SNUC4_LARGE_INTESTINE	-3.403287311	-0.261375275	-0.585124408	0.428571429
KPL1_BREAST	-4.148750062	-4.148750062	-4.148750062	0
KYSE520_OESOPHAGUS	-3.779156885	-3.779156885	-3.779156885	0
COLO792_SKIN	-3.956522167	-3.956522167	-3.956522167	0
SW1990_PANCREAS	-3.726972609	-1.07906273	-1.554234457	0.071428571
HS729_SOFT_TISSUE	-3.856863446	-3.856863446	-3.856863446	0
TE6_OESOPHAGUS	-3.893326669	-3.893326669	-3.893326669	0
NCIH727_LUNG	-4.037850974	-4.037850974	-4.037850974	0
PANC0203_PANCREAS	-3.922436386	-3.408825417	-3.678328055	0.071428571
NCIH358_LUNG	-3.662866428	-0.6265498	-1.055883322	0.142857143
HEC59_ENDOMETRIUM	-4.087558496	-3.573947526	-3.843450165	0.071428571
HCC1419_BREAST	-3.876125782	-3.876125782	-3.876125782	0
NCIH1792_LUNG	-3.604682018	-3.604682018	-3.604682018	0
NCIH1048_LUNG	-4.187396851	-4.187396851	-4.187396851	0
NCIH1568_LUNG	-3.525321156	-1.143395252	-1.613713391	0.214285714
EFM192A_BREAST	-3.735683443	-3.735683443	-3.735683443	0
MKN7_STOMACH	-3.804184891	-3.804184891	-3.804184891	0
SNU423_LIVER	-3.751500955	-0.803049833	-1.279194132	0.071428571
PK45H_PANCREAS	-4.01536953	-4.01536953	-4.01536953	0
ZR751_BREAST	-4.301844204	-4.301844204	-4.301844204	0
KMRC3_KIDNEY	-4.0841437	-4.0841437	-4.0841437	0
RD_SOFT_TISSUE	-3.811078599	-3.811078599	-3.811078599	0
NCIH2077_LUNG	-3.059352624	-1.33809752	-1.789966719	0.571428571
CL34_LARGE_INTESTINE	-4.390934182	-4.390934182	-4.390934182	0
NCIH2087_LUNG	-3.62989655	-3.62989655	-3.62989655	0
NCIH1944_LUNG	-3.902731712	-0.742254868	-1.21877628	0.071428571
253JBV_URINARY_TRACT	-3.910960349	-3.910960349	-3.910960349	0
786O_KIDNEY	-3.778272675	-3.778272675	-3.778272675	0
IGROV1_OVARY	-3.716555762	-3.202944792	-3.472447431	0.071428571
LOVO_LARGE_INTESTINE	-3.756803	-3.756803	-3.756803	0
LOXIMVI_SKIN	-1.007469262	-0.097309059	-0.369424254	0.714285714
SW48_LARGE_INTESTINE	-3.077972971	-3.077972971	-3.077972971	0
HPAC_PANCREAS	-0.854986248	-0.326520736	-0.533119964	0.714285714
BXPC3_PANCREAS	-1.875220359	-0.94781259	-1.236692243	0.285714286
HUH7_LIVER	-3.91063418	-3.91063418	-3.91063418	0
KP2_PANCREAS	-3.590368237	-3.590368237	-3.590368237	0
FTC238_THYROID	-3.492889403	-3.492889403	-3.492889403	0
H4_CENTRAL_NERVOUS_SYSTEM	-3.335459386	-3.335459386	-3.335459386	0
KMBC2_URINARY_TRACT	-3.536633305	-1.551771839	-2.009367529	0.285714286
ONS76_CENTRAL_NERVOUS_SYSTEM	-3.925810383	-3.925810383	-3.925810383	0
PATU8988T_PANCREAS	-3.457221399	-1.287995688	-1.66994688	0.357142857
253J_URINARY_TRACT	-3.90472085	-3.39110988	-3.660612519	0.071428571
639V_URINARY_TRACT	-4.171585544	-4.171585544	-4.171585544	0
CHL1_SKIN	-3.725475901	-3.725475901	-3.725475901	0
HCT116_LARGE_INTESTINE	-1.543119675	0.963906443	0.490975178	0.928571429
KU1919_URINARY_TRACT	-0.572531477	2.184804726	1.72875369	1
HCT15_LARGE_INTESTINE	-4.295748275	-3.553344603	-3.896310608	0.071428571
HT29_LARGE_INTESTINE	-1.417221969	-0.719465048	-0.977841522	0.5
MCAS_OVARY	-3.627757307	-1.69257447	-2.153416872	0.214285714
SUIT2_PANCREAS	-1.595738921	-0.746259303	-1.013115988	0.857142857
TE8_OESOPHAGUS	-3.994180231	-3.994180231	-3.994180231	0
CJM_SKIN	-3.484846683	-3.484846683	-3.484846683	0
SNU398_LIVER	-3.901178281	-3.901178281	-3.901178281	0
SNUC5_LARGE_INTESTINE	-3.752597857	-0.432042483	-0.907342985	0.142857143
NCIH1651_LUNG	-3.519653389	-3.519653389	-3.519653389	0
HCC78_LUNG	-3.991299328	-3.991299328	-3.991299328	0
LK2_LUNG	-3.958085082	-3.160109787	-3.444474112	0.142857143
SW780_URINARY_TRACT	-3.637918319	-3.637918319	-3.637918319	0
TE4_OESOPHAGUS	-2.917860903	-0.421917598	-0.896275169	0.071428571
RKN_SOFT_TISSUE	-3.766914016	0.031823492	-0.444951551	0.142857143
WM983B_SKIN	-3.716698391	-1.114617205	-1.504239955	0.214285714
KNS62_LUNG	-3.398533236	-3.398533236	-3.398533236	0
LN229_CENTRAL_NERVOUS_SYSTEM	-1.282960798	0.026610175	-0.340832378	0.285714286
A673_BONE	-2.574760182	-0.825907482	-1.161260527	0.428571429
DU145_PROSTATE	-1.726545166	-0.433547372	-0.734417438	0.214285714
T98G_CENTRAL_NERVOUS_SYSTEM	-3.846398012	-3.846398012	-3.846398012	0
COLO783_SKIN	-3.791922639	-3.791922639	-3.791922639	0
HCC1438_LUNG	-3.569167568	-3.569167568	-3.569167568	0
HCC44_LUNG	-4.027753511	-4.027753511	-4.027753511	0
JHH5_LIVER	-3.531791206	-3.531791206	-3.531791206	0
NCIH838_LUNG	-3.987488907	-3.987488907	-3.987488907	0
BFTC905_URINARY_TRACT	-3.699563232	-2.767943651	-3.095631974	0.142857143
HEC265_ENDOMETRIUM	-1.084729066	-0.294549416	-0.562440218	0.285714286
HSC2_UPPER_AERODIGESTIVE_TRACT	-3.914316499	-0.985098007	-1.461198122	0.071428571
OC314_OVARY	-3.899842331	-3.899842331	-3.899842331	0
OE33_OESOPHAGUS	-4.120708766	-4.120708766	-4.120708766	0
FADU_UPPER_AERODIGESTIVE_TRACT	-3.916038611	-3.916038611	-3.916038611	0
MG63_BONE	-3.684815584	-3.684815584	-3.684815584	0
NB1_AUTONOMIC_GANGLIA	-2.984972291	-1.830269594	-2.169860707	0.285714286
SF126_CENTRAL_NERVOUS_SYSTEM	-3.37003271	-3.37003271	-3.37003271	0
SNU1066_UPPER_AERODIGESTIVE_TRACT	-3.69044995	-3.69044995	-3.69044995	0
CAL120_BREAST	-3.971903836	-1.574094213	-2.047753901	0.071428571
LXF289_LUNG	-3.809159365	-3.809159365	-3.809159365	0
MEWO_SKIN	-1.880396205	-0.31553291	-0.688795799	0.214285714
SNGM_ENDOMETRIUM	-4.079818679	-1.596608284	-2.058232945	0.142857143
TT_OESOPHAGUS	-3.987215451	-3.473604481	-3.74310712	0.071428571
ECGI10_OESOPHAGUS	-4.128944602	-4.128944602	-4.128944602	0
JMSU1_URINARY_TRACT	-2.591119377	-1.379705687	-1.745945223	0.5
CFPAC1_PANCREAS	-0.943656776	-0.00704685	-0.306100108	0.357142857
ACHN_KIDNEY	-3.682614763	-2.168314669	-2.619639923	0.071428571
CAL51_BREAST	-4.162728847	-2.122831923	-2.583384518	0.142857143
HCC15_LUNG	-3.658223592	-3.658223592	-3.658223592	0
KMRC20_KIDNEY	-4.159736017	-4.159736017	-4.159736017	0
NCIH1648_LUNG	-4.08589078	-3.343487108	-3.686453114	0.071428571
MHHNB11_AUTONOMIC_GANGLIA	-3.031145485	-3.031145485	-3.031145485	0
K029AX_SKIN	-2.025328917	-0.286484201	-0.682610126	0.5
T3M10_LUNG	-1.272702516	0.125112749	-0.275805499	0.571428571
NCIH2122_LUNG	-2.605621637	0.691191749	0.21617148	0.428571429
HCC95_LUNG	-4.026339276	-4.026339276	-4.026339276	0
MDAMB468_BREAST	-3.946323971	-3.946323971	-3.946323971	0
HCC1195_LUNG	-3.799995523	-3.799995523	-3.799995523	0
EN_ENDOMETRIUM	-4.19163167	-4.19163167	-4.19163167	0
TE5_OESOPHAGUS	-3.932066835	-1.671908761	-2.144284522	0.071428571
SNU668_STOMACH	-3.742784663	-3.742784663	-3.742784663	0
CORL105_LUNG	-3.780919924	-3.780919924	-3.780919924	0
GCT_SOFT_TISSUE	-4.129076167	-1.483382737	-1.956338015	0.142857143
LN18_CENTRAL_NERVOUS_SYSTEM	-3.737469663	-3.737469663	-3.737469663	0
RERFLCMS_LUNG	-3.840302551	-3.840302551	-3.840302551	0
RT112_URINARY_TRACT	-3.476060925	-3.476060925	-3.476060925	0
LOUNH91_LUNG	-3.930822734	-3.930822734	-3.930822734	0
KNS60_CENTRAL_NERVOUS_SYSTEM	-3.994539004	-1.100232839	-1.576247585	0.071428571
ISTMES2_PLEURA	-3.802234881	-3.802234881	-3.802234881	0
SW579_THYROID	-3.222618771	-3.222618771	-3.222618771	0
MDAMB231_BREAST	-4.446594008	-1.552287843	-2.028302589	0.071428571
HCC1588_LUNG	-4.129667714	-4.129667714	-4.129667714	0
HSC3_UPPER_AERODIGESTIVE_TRACT	-3.741462755	-1.772908469	-2.231073408	0.214285714
MELJUSO_SKIN	0.36816345	1.08069788	0.829906377	0.928571429
NCIH2030_LUNG	-3.83838004	-3.83838004	-3.83838004	0
OVCAR8_OVARY	-3.82095089	-3.82095089	-3.82095089	0
PC14_LUNG	-2.555680068	-1.222665055	-1.549103354	0.214285714
HEC151_ENDOMETRIUM	-4.339245974	-4.339245974	-4.339245974	0
RT4_URINARY_TRACT	-3.607532737	-3.607532737	-3.607532737	0
SKES1_BONE	-3.892647021	-2.890402467	-3.288715764	0.071428571
HT55_LARGE_INTESTINE	-4.04365455	-3.439723292	-3.644216884	0.142857143
MKN45_STOMACH	-1.191663523	-0.683201434	-0.877912259	0.928571429
HEP3B217_LIVER	-3.931548892	-3.931548892	-3.931548892	0
HOS_BONE	-4.010902854	-4.010902854	-4.010902854	0
HUCCT1_BILIARY_TRACT	-4.170331306	-1.343715965	-1.742150187	0.142857143
NCIH292_LUNG	-0.409388744	0.960929027	0.575599589	0.571428571
RERFLCAI_LUNG	-3.949219611	-1.66287296	-2.125578022	0.142857143
LS180_LARGE_INTESTINE	-1.326917003	-0.879575821	-1.054195118	0.928571429
SIMA_AUTONOMIC_GANGLIA	-4.049302566	-4.049302566	-4.049302566	0
CAMA1_BREAST	-3.940981532	-1.141571191	-1.615764118	0.142857143
MDAMB436_BREAST	-3.917218614	-3.917218614	-3.917218614	0
NCIH1435_LUNG	-3.873290334	-3.873290334	-3.873290334	0
SNU1196_BILIARY_TRACT	-2.215715057	-1.132229666	-1.468380332	0.214285714
SNU449_LIVER	-3.973129992	-3.973129992	-3.973129992	0
TE9_OESOPHAGUS	-3.823882622	-3.823882622	-3.823882622	0
ABC1_LUNG	-3.719943412	-3.719943412	-3.719943412	0
NCIH1373_LUNG	-4.085963423	-4.085963423	-4.085963423	0
EBC1_LUNG	-4.014171476	-4.014171476	-4.014171476	0
SKMES1_LUNG	-4.176330683	-4.176330683	-4.176330683	0
HCC56_LARGE_INTESTINE	-4.211168408	-1.285172522	-1.697866466	0.214285714
OUMS23_LARGE_INTESTINE	-4.230188366	-4.230188366	-4.230188366	0
DETROIT562_UPPER_AERODIGESTIVE_TRACT	-3.967727896	-3.967727896	-3.967727896	0
PECAPJ49_UPPER_AERODIGESTIVE_TRACT	-3.799855179	-3.286244209	-3.555746848	0.071428571
SW1088_CENTRAL_NERVOUS_SYSTEM	-3.700093398	-3.700093398	-3.700093398	0
BCPAP_THYROID	-3.152567648	-3.152567648	-3.152567648	0
HDQP1_BREAST	-3.878942837	-3.878942837	-3.878942837	0
BICR56_UPPER_AERODIGESTIVE_TRACT	-3.818402914	-3.818402914	-3.818402914	0
SNU81_LARGE_INTESTINE	-4.107225352	-3.309250057	-3.593614383	0.142857143
OSRC2_KIDNEY	-3.821752418	-3.821752418	-3.821752418	0
2313287_STOMACH	-4.034838138	-1.131844352	-1.607880986	0.071428571
NCIH2170_LUNG	-4.081729931	-1.211919926	-1.687870553	0.071428571
HUPT3_PANCREAS	-3.542076932	-3.542076932	-3.542076932	0
HCC1428_BREAST	-3.998821318	-3.998821318	-3.998821318	0
NCIH650_LUNG	-3.186659007	-1.166305137	-1.62316406	0.214285714
NCIH2110_LUNG	-4.375063929	0.248527597	-0.228105641	0.142857143
RERFLCKJ_LUNG	-3.954167198	-3.954167198	-3.954167198	0
PANC0403_PANCREAS	-1.13879246	-0.24131659	-0.536557697	0.428571429
NCIH23_LUNG	-3.97360067	-3.97360067	-3.97360067	0
NUGC3_STOMACH	-3.216196181	-1.18804475	-1.523488258	0.214285714
KNS81_CENTRAL_NERVOUS_SYSTEM	-3.767065418	-3.767065418	-3.767065418	0
COLO800_SKIN	-0.457176928	0.316492488	0.04806219	0.5
IPC298_SKIN	-4.278132931	-1.322193392	-1.764830989	0.214285714
GP2D_LARGE_INTESTINE	-3.959156333	-3.959156333	-3.959156333	0
OE21_OESOPHAGUS	-3.819611714	-3.819611714	-3.819611714	0
KYSE140_OESOPHAGUS	-4.259553636	-4.259553636	-4.259553636	0
NCIH1693_LUNG	-4.054409661	-4.054409661	-4.054409661	0
COV644_OVARY	-2.516160745	-2.516160745	-2.516160745	0
HCC38_BREAST	-3.959156333	-3.959156333	-3.959156333	0
NCIH2452_PLEURA	-3.836190857	-3.836190857	-3.836190857	0
SW1271_LUNG	-3.812171508	-3.812171508	-3.812171508	0
HT1376_URINARY_TRACT	-3.828243443	-3.828243443	-3.828243443	0
HEC251_ENDOMETRIUM	-3.810804942	-3.810804942	-3.810804942	0
KNS42_CENTRAL_NERVOUS_SYSTEM	-3.977067922	-3.977067922	-3.977067922	0
NCIH446_LUNG	-4.00376456	-4.00376456	-4.00376456	0
WM88_SKIN	-3.922012788	-3.074776814	-3.31808153	0.142857143
COLO741_SKIN	-3.150315553	-1.714509625	-2.147481892	0.714285714
HEC108_ENDOMETRIUM	-4.008478557	-4.008478557	-4.008478557	0
MCF7_BREAST	-4.068095413	-4.068095413	-4.068095413	0
SKNAS_AUTONOMIC_GANGLIA	-3.203454628	-2.419131159	-2.683395225	0.285714286
TM31_CENTRAL_NERVOUS_SYSTEM	-3.762194205	-3.762194205	-3.762194205	0
JHH7_LIVER	-2.055147661	-0.987982596	-1.293181706	0.571428571
NCIH2126_LUNG	-3.718422239	-3.204811269	-3.474313908	0.071428571
MFE319_ENDOMETRIUM	-3.936700726	-3.936700726	-3.936700726	0
NCIH747_LARGE_INTESTINE	-3.994449338	-3.994449338	-3.994449338	0
SNU308_BILIARY_TRACT	-3.77546074	-3.77546074	-3.77546074	0
HUH28_BILIARY_TRACT	-3.429579665	-3.429579665	-3.429579665	0
U118MG_CENTRAL_NERVOUS_SYSTEM	-3.104519459	-3.104519459	-3.104519459	0
SNU1214_UPPER_AERODIGESTIVE_TRACT	-3.641773329	-3.641773329	-3.641773329	0
NCIH2228_LUNG	-3.481061323	-3.481061323	-3.481061323	0
NCIH2444_LUNG	-3.756492901	-3.756492901	-3.756492901	0
HEC6_ENDOMETRIUM	-3.741662662	-3.741662662	-3.741662662	0
HCC366_LUNG	-3.73159632	-3.73159632	-3.73159632	0
TE10_OESOPHAGUS	-2.572337929	-0.717131601	-1.130108668	0.285714286
UACC257_SKIN	-3.700446483	-0.203869055	-0.680713553	0.071428571
8305C_THYROID	-3.809021952	-3.809021952	-3.809021952	0
IM95_STOMACH	-4.03679479	-4.03679479	-4.03679479	0
SCC25_UPPER_AERODIGESTIVE_TRACT	-4.002005569	-4.002005569	-4.002005569	0
BICR16_UPPER_AERODIGESTIVE_TRACT	-3.67892176	-3.67892176	-3.67892176	0
ONCODG1_OVARY	-3.70308551	-3.70308551	-3.70308551	0
KALS1_CENTRAL_NERVOUS_SYSTEM	-3.680032962	-3.680032962	-3.680032962	0
SKMEL5_SKIN	-2.331474981	0.919345065	0.589722852	0.285714286
ASPC1_PANCREAS	-3.15274064	-0.713750982	-1.151583179	0.428571429
SNU46_UPPER_AERODIGESTIVE_TRACT	-3.576271781	-3.576271781	-3.576271781	0
769P_KIDNEY	-4.215400414	-4.215400414	-4.215400414	0
NCIH841_LUNG	-3.762958943	-3.762958943	-3.762958943	0
SKMEL24_SKIN	-1.333444539	-0.508442737	-0.757330354	0.285714286
SNU1041_UPPER_AERODIGESTIVE_TRACT	-3.822818826	-3.822818826	-3.822818826	0
WM793_SKIN	-3.730609661	-3.730609661	-3.730609661	0
COV362_OVARY	-3.516969237	-3.516969237	-3.516969237	0
ISTMES1_PLEURA	-3.538760717	-3.538760717	-3.538760717	0
PANC0327_PANCREAS	-3.472496244	-3.472496244	-3.472496244	0
UACC62_SKIN	-3.238753795	-2.725142825	-2.994645464	0.071428571
UBLC1_URINARY_TRACT	-3.420597383	-3.420597383	-3.420597383	0
HCC1937_BREAST	-3.352697147	-3.352697147	-3.352697147	0
MALME3M_SKIN	-4.099127037	-1.220130602	-1.696105698	0.071428571
TUHR4TKB_KIDNEY	-3.35387463	-3.35387463	-3.35387463	0
NCIH1915_LUNG	-1.71425052	0.660394121	0.198147454	0.5
CAPAN2_PANCREAS	-3.609060023	-3.609060023	-3.609060023	0
NCIH1623_LUNG	-3.45141133	-3.45141133	-3.45141133	0
SNU719_STOMACH	-3.292058257	-3.292058257	-3.292058257	0
SNU869_BILIARY_TRACT	-3.624885404	-3.624885404	-3.624885404	0
CAL78_BONE	-3.187856665	-3.187856665	-3.187856665	0
NCIH1355_LUNG	-3.746450962	-3.746450962	-3.746450962	0
RMUGS_OVARY	-3.923810236	-0.972051798	-1.278116806	0.142857143
S117_SOFT_TISSUE	-3.740537754	-3.740537754	-3.740537754	0
MDAMB435S_SKIN	-3.8983904	-3.006916368	-3.384779431	0.071428571
HS294T_SKIN	-3.863945155	-0.586314715	-1.062977876	0.071428571
TCCPAN2_PANCREAS	-3.973882832	-1.53842948	-2.012375525	0.071428571
SNB75_CENTRAL_NERVOUS_SYSTEM	-3.576036836	-3.062425866	-3.331928505	0.071428571
NCIH2009_LUNG	-3.753535858	-3.753535858	-3.753535858	0
NCIH1650_LUNG	-3.839534568	-0.742572204	-1.218999227	0.071428571
DV90_LUNG	-3.947923953	-3.947923953	-3.947923953	0
WM1799_SKIN	-1.960301728	-0.875053383	-1.185834492	0.214285714
WM2664_SKIN	-1.709712366	0.080851685	-0.224060188	0.5
SNU410_PANCREAS	-3.770232712	-3.770232712	-3.770232712	0
OVISE_OVARY	-4.067413692	-4.067413692	-4.067413692	0
HCC1143_BREAST	-3.902177553	-1.375945295	-1.850488493	0.071428571
SNU1105_CENTRAL_NERVOUS_SYSTEM	-3.760199562	-3.760199562	-3.760199562	0
RCC10RGB_KIDNEY	-3.613394336	-3.613394336	-3.613394336	0
RERFLCAD1_LUNG	-3.444467521	-3.444467521	-3.444467521	0
NCIH226_LUNG	-3.797321201	-3.797321201	-3.797321201	0
SKMEL2_SKIN	-3.322172094	-3.322172094	-3.322172094	0
DKMG_CENTRAL_NERVOUS_SYSTEM	-3.466791638	-3.466791638	-3.466791638	0
CAOV3_OVARY	-3.764332087	-3.764332087	-3.764332087	0
IALM_LUNG	-3.362413313	-3.362413313	-3.362413313	0
NCIH2347_LUNG	-3.738117381	-3.738117381	-3.738117381	0
SKMEL3_SKIN	-2.98419601	-2.98419601	-2.98419601	0
SQ1_LUNG	-3.697968839	-3.697968839	-3.697968839	0
UMUC1_URINARY_TRACT	-3.374167089	-3.374167089	-3.374167089	0
LS1034_LARGE_INTESTINE	-3.46070472	-3.46070472	-3.46070472	0
COV434_OVARY	-3.51508041	-3.51508041	-3.51508041	0
CCFSTTG1_CENTRAL_NERVOUS_SYSTEM	-3.798167504	-3.798167504	-3.798167504	0
COLO680N_OESOPHAGUS	-3.95110634	-1.730486682	-2.20241283	0.071428571
SW900_LUNG	-3.831257114	-3.831257114	-3.831257114	0
SH10TC_STOMACH	-2.476877632	-1.015330894	-1.313825353	0.357142857
BT549_BREAST	-3.188430749	-3.188430749	-3.188430749	0
BICR6_UPPER_AERODIGESTIVE_TRACT	-3.962257757	-3.448646787	-3.718149426	0.071428571
BICR31_UPPER_AERODIGESTIVE_TRACT	-3.340743334	-3.340743334	-3.340743334	0
LNCAPCLONEFGC_PROSTATE	-3.597360405	-3.597360405	-3.597360405	0
TEN_ENDOMETRIUM	-3.289792762	-3.289792762	-3.289792762	0
RCM1_LARGE_INTESTINE	-4.031804255	-4.031804255	-4.031804255	0
SNU1079_BILIARY_TRACT	-3.874237542	-3.874237542	-3.874237542	0
BT474_BREAST	-3.767216766	-3.767216766	-3.767216766	0
EFO21_OVARY	-3.721122874	-3.721122874	-3.721122874	0
OV56_OVARY	-3.59780767	-3.59780767	-3.59780767	0
MDAMB175VII_BREAST	-3.658806669	-3.658806669	-3.658806669	0
TT_THYROID	-3.563399322	-3.563399322	-3.563399322	0
PANC0813_PANCREAS	-4.206521946	-1.099458206	-1.575901177	0.071428571
TM87_SOFT_TISSUE	-3.832560911	-2.830316357	-3.15389777	0.142857143
MON_SOFT_TISSUE	-2.948821359	-2.948821359	-2.948821359	0
SKNEP1_BONE	-3.795481866	-3.795481866	-3.795481866	0
EWS502_BONE	-3.513997381	-3.513997381	-3.513997381	0