Cell_line	CI.05	CI.95	mean	penetrance
KYSE510_OESOPHAGUS	-1.021964532	-0.134746162	-0.415092465	0.571428571
8505C_THYROID	-1.894710652	0.832748852	0.35981839	0.642857143
GI1_CENTRAL_NERVOUS_SYSTEM	-3.623834097	-3.623834097	-3.623834097	0
A549_LUNG	-0.722475493	0.882781535	0.47088272	0.785714286
LU99_LUNG	-1.230161237	0.027441723	-0.388129559	1
CAL29_URINARY_TRACT	-3.94752451	-3.94752451	-3.94752451	0
5637_URINARY_TRACT	-3.751187045	-3.751187045	-3.751187045	0
SW948_LARGE_INTESTINE	-4.303123683	-4.303123683	-4.303123683	0
NCIH1339_LUNG	-4.036306453	-4.036306453	-4.036306453	0
HEC1A_ENDOMETRIUM	-3.807795071	-0.612864118	-1.033210529	0.214285714
SNU840_OVARY	-3.844375683	-3.301607914	-3.581961246	0.071428571
HCC827_LUNG	-3.732908389	-1.26343199	-1.737616483	0.071428571
GAMG_CENTRAL_NERVOUS_SYSTEM	-3.941488353	-3.941488353	-3.941488353	0
NCIH1437_LUNG	-4.388226489	-3.287241547	-3.611592607	0.142857143
GB1_CENTRAL_NERVOUS_SYSTEM	-4.055034096	-2.34924961	-2.809597653	0.071428571
NCIH322_LUNG	-3.987580021	-3.987580021	-3.987580021	0
SNUC2A_LARGE_INTESTINE	-4.007328888	-3.315396401	-3.550685891	0.357142857
CORL23_LUNG	-3.14823021	-2.248432497	-2.525787352	0.357142857
SNU761_LIVER	-3.842471158	-3.842471158	-3.842471158	0
NCIN87_STOMACH	-3.584646224	-3.584646224	-3.584646224	0
RERFLCAD2_LUNG	-3.719774656	-3.719774656	-3.719774656	0
HCC1806_BREAST	-1.178648989	2.026278113	1.549920364	0.857142857
NCIH1793_LUNG	-3.794061674	-3.794061674	-3.794061674	0
MESSA_SOFT_TISSUE	-3.952293749	-0.676848954	-1.153509804	0.071428571
NCIH1975_LUNG	-3.923915736	-1.293782129	-1.768872594	0.071428571
MFE296_ENDOMETRIUM	-2.596398012	-0.665589504	-1.113813059	0.285714286
KYSE270_OESOPHAGUS	-0.189181236	0.735303375	0.443974713	0.642857143
KYSE150_OESOPHAGUS	-1.637932948	-0.555962151	-0.898251087	0.714285714
PSN1_PANCREAS	-1.733469692	-1.189424255	-1.391178394	0.5
OC316_OVARY	-2.699865187	-0.550951612	-0.941113597	0.214285714
CAL27_UPPER_AERODIGESTIVE_TRACT	-4.2278894	-0.661978422	-1.138863746	0.071428571
A172_CENTRAL_NERVOUS_SYSTEM	-4.269424937	-4.269424937	-4.269424937	0
TE11_OESOPHAGUS	-0.976564061	-0.086757603	-0.375195753	0.285714286
BC3C_URINARY_TRACT	-3.901733716	-3.358965947	-3.639319279	0.071428571
ESS1_ENDOMETRIUM	-3.643788621	-3.643788621	-3.643788621	0
HS944T_SKIN	-2.253010883	-0.400260589	-0.846798594	0.428571429
NCIH2023_LUNG	-3.888088654	-3.888088654	-3.888088654	0
RH30_SOFT_TISSUE	-3.963318777	-3.963318777	-3.963318777	0
8MGBA_CENTRAL_NERVOUS_SYSTEM	-3.257231606	-0.663314113	-1.135489707	0.214285714
MPP89_PLEURA	-3.660937942	-3.660937942	-3.660937942	0
GCIY_STOMACH	-4.050013295	-1.412344097	-1.887469415	0.071428571
SNU213_PANCREAS	-3.763874854	-1.831176658	-2.298272694	0.071428571
SF539_CENTRAL_NERVOUS_SYSTEM	-3.531791206	-3.531791206	-3.531791206	0
YD8_UPPER_AERODIGESTIVE_TRACT	-3.881741737	-2.245031999	-2.70255274	0.071428571
HARA_LUNG	-3.825738018	-1.84526925	-2.313398802	0.071428571
MHHES1_BONE	-3.52178883	-3.52178883	-3.52178883	0
MELHO_SKIN	-1.523937756	1.379005265	0.903361809	0.857142857
U251MG_CENTRAL_NERVOUS_SYSTEM	-3.854022892	-3.854022892	-3.854022892	0
JIMT1_BREAST	-2.903953616	-0.622907078	-0.980405877	0.214285714
PANC1005_PANCREAS	-3.833471246	-3.833471246	-3.833471246	0
NCIH1703_LUNG	-3.595341992	-3.595341992	-3.595341992	0
KYSE410_OESOPHAGUS	-3.707448561	-3.707448561	-3.707448561	0
HT144_SKIN	-3.616830907	-3.074063139	-3.35441647	0.071428571
SNU601_STOMACH	-3.583723665	-3.583723665	-3.583723665	0
LS411N_LARGE_INTESTINE	-3.950015023	-2.313305285	-2.704578579	0.142857143
U2OS_BONE	-3.554847537	-3.554847537	-3.554847537	0
22RV1_PROSTATE	-3.824015414	-2.503530687	-2.940992293	0.071428571
OE19_OESOPHAGUS	-3.980970466	-3.980970466	-3.980970466	0
SH4_SKIN	-3.592183472	-3.592183472	-3.592183472	0
NCIH661_LUNG	-3.981894497	-3.981894497	-3.981894497	0
LC1SQSF_LUNG	-3.841707003	-3.841707003	-3.841707003	0
JHH1_LIVER	-3.809159365	-3.809159365	-3.809159365	0
NCIH28_PLEURA	-3.423945854	-3.423945854	-3.423945854	0
GMS10_CENTRAL_NERVOUS_SYSTEM	-3.684449554	-3.684449554	-3.684449554	0
HEYA8_OVARY	0.242797826	1.658558359	1.292720123	1
RKO_LARGE_INTESTINE	-4.271988274	-3.069575704	-3.495354392	0.071428571
CAL62_THYROID	-2.822169951	0.458877056	-0.017079532	0.571428571
HLF_LIVER	-3.322593535	-3.322593535	-3.322593535	0
T24_URINARY_TRACT	-3.371117134	-1.815321349	-2.208100416	0.214285714
ES2_OVARY	0.939361351	2.289047675	1.868128195	1
YD15_SALIVARY_GLAND	-3.66612533	-3.66612533	-3.66612533	0
KYSE70_OESOPHAGUS	-4.008565372	-3.465797604	-3.746150935	0.071428571
KP4_PANCREAS	-2.398584549	-1.873352626	-2.07168337	0.571428571
A2780_OVARY	-0.376720534	-0.25591311	-0.310612247	1
AGS_STOMACH	-2.17476123	-1.911348175	-2.025437815	0.928571429
ISHIKAWAHERAKLIO02ER_ENDOMETRIUM	-4.021984571	-2.819572	-3.188906408	0.142857143
HGC27_STOMACH	-3.645394147	-3.645394147	-3.645394147	0
647V_URINARY_TRACT	-4.072463246	-1.602986847	-2.07717134	0.071428571
CAL12T_LUNG	-3.778420169	-3.778420169	-3.778420169	0
L33_PANCREAS	-3.96370396	-3.96370396	-3.96370396	0
SF295_CENTRAL_NERVOUS_SYSTEM	-3.617044793	-2.689232657	-3.074277024	0.071428571
UO31_KIDNEY	-3.751814638	-3.751814638	-3.751814638	0
YD10B_UPPER_AERODIGESTIVE_TRACT	-3.910851653	-2.017780223	-2.483930487	0.071428571
DMS273_LUNG	-0.402296759	0.667969527	0.360026524	1
G361_SKIN	-1.969883594	0.419507995	-0.048131726	0.5
OAW42_OVARY	-3.610798943	-3.610798943	-3.610798943	0
HMC18_BREAST	-2.821075147	-2.285643423	-2.48578127	0.428571429
CAL54_KIDNEY	-3.424612461	-3.424612461	-3.424612461	0
MIAPACA2_PANCREAS	-4.045890717	-4.045890717	-4.045890717	0
SW620_LARGE_INTESTINE	-1.955087309	-0.034342524	-0.49734969	0.785714286
SKHEP1_LIVER	-0.003814549	1.553436449	1.139681701	0.928571429
SW480_LARGE_INTESTINE	-2.386115675	-1.085437654	-1.376933888	0.357142857
YKG1_CENTRAL_NERVOUS_SYSTEM	-3.98584558	-0.395656475	-0.872277066	0.142857143
J82_URINARY_TRACT	-3.788478117	-3.788478117	-3.788478117	0
KYSE30_OESOPHAGUS	-4.211283334	-1.466078367	-1.873645018	0.142857143
NCIH2172_LUNG	-3.950610627	-3.950610627	-3.950610627	0
G401_SOFT_TISSUE	-3.570835643	-2.157613575	-2.60242482	0.071428571
SNU407_LARGE_INTESTINE	-2.159123578	1.526346288	1.049625531	0.5
AN3CA_ENDOMETRIUM	-3.68389993	-3.68389993	-3.68389993	0
PLCPRF5_LIVER	-3.712627015	-3.712627015	-3.712627015	0
YAPC_PANCREAS	-1.997520814	-0.580470753	-0.896656081	0.214285714
SCABER_URINARY_TRACT	-3.800276075	-3.800276075	-3.800276075	0
G292CLONEA141B1_BONE	-3.433839094	-3.433839094	-3.433839094	0
JHH4_LIVER	-3.714510416	-3.714510416	-3.714510416	0
HS766T_PANCREAS	-2.782948557	-1.889987471	-2.169648695	0.357142857
SW837_LARGE_INTESTINE	-3.887630175	-3.887630175	-3.887630175	0
KURAMOCHI_OVARY	-3.799995523	-3.799995523	-3.799995523	0
YH13_CENTRAL_NERVOUS_SYSTEM	-3.301888387	-3.301888387	-3.301888387	0
NCIH2052_PLEURA	-3.363181296	-3.363181296	-3.363181296	0
COLO679_SKIN	-3.737145442	-3.737145442	-3.737145442	0
A704_KIDNEY	-3.573207546	-3.573207546	-3.573207546	0
NCIH596_LUNG	-3.533608884	-3.533608884	-3.533608884	0
KP3_PANCREAS	-2.987478935	-1.946184812	-2.242926346	0.285714286
SKUT1_SOFT_TISSUE	-2.344124567	-1.625055642	-1.8935923	0.571428571
42MGBA_CENTRAL_NERVOUS_SYSTEM	-3.913560923	-3.913560923	-3.913560923	0
A375_SKIN	-1.360064653	-0.582039581	-0.904748375	1
FTC133_THYROID	-3.832430708	-3.832430708	-3.832430708	0
HT1080_SOFT_TISSUE	0.034909134	0.1907026	0.119900879	1
SNU1077_ENDOMETRIUM	-3.475764983	-3.475764983	-3.475764983	0
JHOC5_OVARY	-3.776054241	-3.776054241	-3.776054241	0
NCIH1299_LUNG	-4.000631813	-2.797444089	-3.108393199	0.214285714
PANC1_PANCREAS	-3.96418496	-2.390000793	-2.761772389	0.142857143
SNU1076_UPPER_AERODIGESTIVE_TRACT	-3.355439657	-3.355439657	-3.355439657	0
IGR37_SKIN	-0.006532474	2.054343265	1.628223047	1
JHH6_LIVER	-3.919675581	-3.919675581	-3.919675581	0
NCIH460_LUNG	0.728171173	1.313689774	1.093766585	1
SJSA1_BONE	-3.652940378	-2.315558217	-2.725128242	0.142857143
A2058_SKIN	0.805481195	1.245316892	1.074486897	1
ACCMESO1_PLEURA	-3.69081096	-1.873060847	-2.33716426	0.071428571
VMCUB1_URINARY_TRACT	-3.920633232	-1.426211343	-1.877115287	0.142857143
YD38_UPPER_AERODIGESTIVE_TRACT	-4.038823639	-4.038823639	-4.038823639	0
BFTC909_KIDNEY	-4.330648235	-4.330648235	-4.330648235	0
DAOY_CENTRAL_NERVOUS_SYSTEM	-4.267325048	-4.267325048	-4.267325048	0
EFO27_OVARY	-3.876831761	-2.949019625	-3.334063992	0.071428571
IGR1_SKIN	-3.812171508	-3.812171508	-3.812171508	0
LI7_LIVER	-3.757112879	-3.757112879	-3.757112879	0
OVK18_OVARY	-4.088137073	-4.088137073	-4.088137073	0
SBC5_LUNG	-3.455280034	-2.251801223	-2.542729078	0.285714286
TOV112D_OVARY	-3.865033764	-3.865033764	-3.865033764	0
KELLY_AUTONOMIC_GANGLIA	-3.624254925	-3.624254925	-3.624254925	0
PATU8902_PANCREAS	-2.19764894	0.777723324	0.428850971	0.428571429
TT2609C02_THYROID	-3.395690696	-2.394609928	-2.70835606	0.214285714
QGP1_PANCREAS	-4.031886531	-4.031886531	-4.031886531	0
SW1710_URINARY_TRACT	-4.108744349	-4.108744349	-4.108744349	0
BECKER_CENTRAL_NERVOUS_SYSTEM	-3.82014788	-3.82014788	-3.82014788	0
NCIH520_LUNG	-4.076935937	-2.53257431	-2.948288461	0.142857143
SNU685_ENDOMETRIUM	-3.810120042	-3.810120042	-3.810120042	0
SW1353_BONE	-3.409015511	-3.409015511	-3.409015511	0
A101D_SKIN	-3.748599239	-1.131495144	-1.596226102	0.214285714
BHT101_THYROID	-3.534126826	-2.60631469	-2.991359058	0.071428571
HEC1B_ENDOMETRIUM	-3.984471374	-3.984471374	-3.984471374	0
SNU61_LARGE_INTESTINE	-3.890829412	-3.890829412	-3.890829412	0
SNU886_LIVER	-3.593539937	-3.593539937	-3.593539937	0
SW1573_LUNG	-3.975478297	-2.773065726	-3.198844414	0.071428571
G402_SOFT_TISSUE	-4.243277472	-2.590240499	-2.905895312	0.142857143
PECAPJ15_UPPER_AERODIGESTIVE_TRACT	-4.019959884	-2.817547314	-3.243326002	0.071428571
RL952_ENDOMETRIUM	-4.169732775	-2.924296331	-3.286709654	0.142857143
CADOES1_BONE	-3.60886147	-2.084480181	-2.459508507	0.214285714
COLO668_LUNG	-3.284766678	-3.284766678	-3.284766678	0
LS513_LARGE_INTESTINE	-4.167149647	-4.167149647	-4.167149647	0
RMGI_OVARY	-3.922648031	-1.401368198	-1.875881918	0.071428571
VMRCRCW_KIDNEY	-4.056280279	-0.515151386	-0.992022859	0.071428571
CAKI1_KIDNEY	-4.06022879	-4.06022879	-4.06022879	0
OV7_OVARY	-2.993282	-2.993282	-2.993282	0
BEN_LUNG	-3.683166014	-3.683166014	-3.683166014	0
MKN1_STOMACH	-3.759737956	-3.759737956	-3.759737956	0
LCLC103H_LUNG	-2.504197353	-1.896437096	-2.121830503	0.428571429
NCIH1573_LUNG	-1.060751467	-0.026568745	-0.327427507	0.285714286
DBTRG05MG_CENTRAL_NERVOUS_SYSTEM	-3.873645779	-2.319114057	-2.772660837	0.071428571
PECAPJ41CLONED2_UPPER_AERODIGESTIVE_TRACT	-3.399488819	-1.935336836	-2.341418529	0.214285714
HCC4006_LUNG	-3.511823186	-3.511823186	-3.511823186	0
NCIH1581_LUNG	-3.504957813	-3.504957813	-3.504957813	0
CALU1_LUNG	-2.999530949	-2.999530949	-2.999530949	0
NUGC4_STOMACH	-3.702031823	-1.795345748	-2.261830494	0.071428571
NCIH1563_LUNG	-4.057677974	-4.057677974	-4.057677974	0
JHUEM2_ENDOMETRIUM	-3.600925695	-2.824291812	-3.176094491	0.071428571
JHOM1_OVARY	-4.184048558	-4.184048558	-4.184048558	0
SKOV3_OVARY	-3.828506333	-3.828506333	-3.828506333	0
SKNBE2_AUTONOMIC_GANGLIA	-3.968870777	-3.968870777	-3.968870777	0
LUDLU1_LUNG	-3.857355564	-3.857355564	-3.857355564	0
HCC1359_LUNG	-4.003501165	-4.003501165	-4.003501165	0
PK1_PANCREAS	-3.91193739	-1.153333216	-1.628942811	0.071428571
SNU466_CENTRAL_NERVOUS_SYSTEM	-3.944315669	-3.944315669	-3.944315669	0
SKLU1_LUNG	-3.805433862	-3.805433862	-3.805433862	0
NCIH1838_LUNG	-4.142991866	-4.142991866	-4.142991866	0
SNU245_BILIARY_TRACT	-4.235883094	-3.693115326	-3.973468657	0.071428571
MKN74_STOMACH	-3.818402914	-0.854785517	-1.330963308	0.071428571
KYSE180_OESOPHAGUS	-3.870436253	-3.870436253	-3.870436253	0
KMRC1_KIDNEY	-4.118759898	-4.118759898	-4.118759898	0
CALU6_LUNG	-4.350372077	-3.171183081	-3.517293914	0.142857143
GOS3_CENTRAL_NERVOUS_SYSTEM	-4.059302953	-4.059302953	-4.059302953	0
HUH6_LIVER	-3.707101126	-3.707101126	-3.707101126	0
PK59_PANCREAS	-1.467443108	-0.293486258	-0.624008397	0.285714286
TCCSUP_URINARY_TRACT	-3.860174474	-3.860174474	-3.860174474	0
HS939T_SKIN	-2.570861053	-1.266164659	-1.668748462	0.357142857
TOV21G_OVARY	-3.644592126	-3.644592126	-3.644592126	0
OVTOKO_OVARY	-3.958474934	-2.69302603	-3.12539677	0.071428571
TE1_OESOPHAGUS	-3.547631937	-3.547631937	-3.547631937	0
DANG_PANCREAS	-3.990032899	-3.447265131	-3.727618462	0.071428571
LMSU_STOMACH	-3.51508041	-1.265253443	-1.737515601	0.071428571
MSTO211H_PLEURA	-3.886021675	-2.757374198	-3.174279569	0.071428571
T47D_BREAST	-4.173252246	-4.173252246	-4.173252246	0
PC3_PROSTATE	-3.897270218	-3.897270218	-3.897270218	0
VMRCRCZ_KIDNEY	-3.544610746	-3.544610746	-3.544610746	0
RVH421_SKIN	-3.830472953	-3.830472953	-3.830472953	0
JHOS2_OVARY	-4.093381285	-4.093381285	-4.093381285	0
HS852T_SKIN	-3.62509536	-3.62509536	-3.62509536	0
SNU738_CENTRAL_NERVOUS_SYSTEM	-3.784279205	-3.784279205	-3.784279205	0
SKMEL30_SKIN	-3.788766207	-3.788766207	-3.788766207	0
NCIH522_LUNG	-4.192143911	-4.192143911	-4.192143911	0
PATU8988S_PANCREAS	-4.215076797	-2.660545075	-3.114091854	0.071428571
MFE280_ENDOMETRIUM	-3.986759307	-3.986759307	-3.986759307	0
OVSAHO_OVARY	-3.794630308	-3.794630308	-3.794630308	0
SNUC4_LARGE_INTESTINE	-3.193776401	-2.450425963	-2.701775666	0.357142857
KPL1_BREAST	-4.148750062	-4.148750062	-4.148750062	0
KYSE520_OESOPHAGUS	-3.779156885	-1.182365619	-1.567449443	0.142857143
COLO792_SKIN	-3.956522167	-3.179888285	-3.531690964	0.071428571
SW1990_PANCREAS	-3.726972609	-3.726972609	-3.726972609	0
HS729_SOFT_TISSUE	-3.856863446	-2.151078959	-2.611427003	0.071428571
TE6_OESOPHAGUS	-3.893326669	-3.893326669	-3.893326669	0
NCIH727_LUNG	-4.037850974	-2.624628906	-3.069440152	0.071428571
PANC0203_PANCREAS	-3.922436386	-1.97729397	-2.444670037	0.071428571
NCIH358_LUNG	-3.662866428	-3.662866428	-3.662866428	0
HEC59_ENDOMETRIUM	-4.087558496	-2.533026774	-2.986573554	0.071428571
HCC1419_BREAST	-3.876125782	-3.876125782	-3.876125782	0
NCIH1792_LUNG	-3.604682018	-3.604682018	-3.604682018	0
NCIH1048_LUNG	-4.187396851	-4.187396851	-4.187396851	0
NCIH1568_LUNG	-3.924758822	-3.924758822	-3.924758822	0
EFM192A_BREAST	-3.735683443	-3.735683443	-3.735683443	0
MKN7_STOMACH	-3.804184891	-3.804184891	-3.804184891	0
SNU423_LIVER	-3.751500955	-3.751500955	-3.751500955	0
PK45H_PANCREAS	-4.01536953	-4.01536953	-4.01536953	0
ZR751_BREAST	-4.301844204	-4.301844204	-4.301844204	0
KMRC3_KIDNEY	-4.0841437	-4.0841437	-4.0841437	0
RD_SOFT_TISSUE	-2.298739383	-1.801452837	-1.993328487	0.5
NCIH2077_LUNG	-2.624342332	-2.150624978	-2.342503714	0.642857143
CL34_LARGE_INTESTINE	-4.390934182	-4.390934182	-4.390934182	0
NCIH2087_LUNG	-3.62989655	-3.62989655	-3.62989655	0
NCIH1944_LUNG	-3.902731712	-2.196947225	-2.657295268	0.071428571
253JBV_URINARY_TRACT	-3.910960349	-3.910960349	-3.910960349	0
786O_KIDNEY	-3.778272675	-3.778272675	-3.778272675	0
IGROV1_OVARY	-3.716555762	-3.173787994	-3.454141325	0.071428571
LOVO_LARGE_INTESTINE	-3.756803	-3.756803	-3.756803	0
LOXIMVI_SKIN	-0.629133943	-0.469697033	-0.543016537	1
SW48_LARGE_INTESTINE	-3.077972971	-3.077972971	-3.077972971	0
HPAC_PANCREAS	-1.470442494	0.401673086	0.024981667	0.785714286
BXPC3_PANCREAS	-3.932687551	-2.7780345	-3.04966443	0.142857143
HUH7_LIVER	-3.91063418	-3.91063418	-3.91063418	0
KP2_PANCREAS	-3.590368237	-3.590368237	-3.590368237	0
FTC238_THYROID	-3.492889403	-3.492889403	-3.492889403	0
H4_CENTRAL_NERVOUS_SYSTEM	-3.335459386	-3.335459386	-3.335459386	0
KMBC2_URINARY_TRACT	-2.449208583	-1.970647297	-2.15634231	0.5
ONS76_CENTRAL_NERVOUS_SYSTEM	-3.925810383	-1.934177101	-2.402532571	0.071428571
PATU8988T_PANCREAS	-2.191765972	-1.787653098	-1.954056803	0.785714286
253J_URINARY_TRACT	-3.90472085	-3.90472085	-3.90472085	0
639V_URINARY_TRACT	-4.171585544	-3.394951661	-3.74675434	0.071428571
CHL1_SKIN	-2.84245278	-1.860985207	-2.151291734	0.285714286
HCT116_LARGE_INTESTINE	-0.684629207	1.44963931	0.994493345	0.928571429
KU1919_URINARY_TRACT	0.845852994	2.477725594	2.063109842	1
HCT15_LARGE_INTESTINE	-3.116559278	-2.354714439	-2.619316679	0.428571429
HT29_LARGE_INTESTINE	-1.567102607	0.288770523	-0.037319192	0.5
MCAS_OVARY	-2.203093074	0.787780117	0.420304967	0.428571429
SUIT2_PANCREAS	-0.923317368	1.594186506	1.121737616	1
TE8_OESOPHAGUS	-3.994180231	-3.994180231	-3.994180231	0
CJM_SKIN	-3.484846683	-3.484846683	-3.484846683	0
SNU398_LIVER	-3.901178281	-2.195393794	-2.655741837	0.071428571
SNUC5_LARGE_INTESTINE	-1.438789979	0.877955317	0.435099169	0.428571429
NCIH1651_LUNG	-3.519653389	-3.519653389	-3.519653389	0
HCC78_LUNG	-3.991299328	-2.126808634	-2.592222587	0.071428571
LK2_LUNG	-3.246342976	0.264781966	-0.211576051	0.285714286
SW780_URINARY_TRACT	-3.637918319	-3.637918319	-3.637918319	0
TE4_OESOPHAGUS	-2.917860903	-2.917860903	-2.917860903	0
RKN_SOFT_TISSUE	-3.766914016	-1.983375738	-2.44642929	0.071428571
WM983B_SKIN	-3.960806722	-2.29983069	-2.758394151	0.071428571
KNS62_LUNG	-3.398533236	-3.398533236	-3.398533236	0
LN229_CENTRAL_NERVOUS_SYSTEM	-2.882069952	-0.519922818	-0.938574241	0.357142857
A673_BONE	-1.104333235	0.378469738	0.073444809	0.928571429
DU145_PROSTATE	-3.867323018	-2.497998968	-2.939510882	0.071428571
T98G_CENTRAL_NERVOUS_SYSTEM	-3.846398012	-3.069764129	-3.421566808	0.071428571
COLO783_SKIN	-3.791922639	-3.791922639	-3.791922639	0
HCC1438_LUNG	-3.569167568	-3.569167568	-3.569167568	0
HCC44_LUNG	-4.027753511	-2.574666089	-2.956313668	0.142857143
JHH5_LIVER	-3.531791206	-3.531791206	-3.531791206	0
NCIH838_LUNG	-3.987488907	-3.987488907	-3.987488907	0
BFTC905_URINARY_TRACT	-3.699563232	-3.699563232	-3.699563232	0
HEC265_ENDOMETRIUM	-3.691712173	-1.460526867	-1.932577151	0.071428571
HSC2_UPPER_AERODIGESTIVE_TRACT	-3.914316499	-3.914316499	-3.914316499	0
OC314_OVARY	-2.771194855	-1.398548642	-1.787150004	0.285714286
OE33_OESOPHAGUS	-3.192896631	-0.809154336	-1.140558807	0.285714286
FADU_UPPER_AERODIGESTIVE_TRACT	-3.916038611	-3.916038611	-3.916038611	0
MG63_BONE	-3.684815584	-3.684815584	-3.684815584	0
NB1_AUTONOMIC_GANGLIA	-3.663635432	-2.294311382	-2.592195588	0.142857143
SF126_CENTRAL_NERVOUS_SYSTEM	-3.37003271	-3.37003271	-3.37003271	0
SNU1066_UPPER_AERODIGESTIVE_TRACT	-3.69044995	-3.69044995	-3.69044995	0
CAL120_BREAST	-3.971903836	-3.971903836	-3.971903836	0
LXF289_LUNG	-3.809159365	-3.809159365	-3.809159365	0
MEWO_SKIN	-3.732580743	-3.189812975	-3.470166306	0.071428571
SNGM_ENDOMETRIUM	-3.817404242	-1.940177205	-2.388462699	0.214285714
TT_OESOPHAGUS	-3.987215451	-2.534128028	-2.981678844	0.071428571
ECGI10_OESOPHAGUS	-4.128944602	-4.128944602	-4.128944602	0
JMSU1_URINARY_TRACT	-1.463477504	1.013225962	0.604571464	0.785714286
CFPAC1_PANCREAS	-3.872103412	0.227999811	-0.082924408	0.142857143
ACHN_KIDNEY	-3.682614763	-2.045905025	-2.480202192	0.142857143
CAL51_BREAST	-3.234916711	-2.283712717	-2.58854468	0.285714286
HCC15_LUNG	-3.658223592	-3.658223592	-3.658223592	0
KMRC20_KIDNEY	-4.159736017	-3.119998906	-3.524314379	0.071428571
NCIH1648_LUNG	-2.658969615	0.171068749	-0.257433488	0.357142857
MHHNB11_AUTONOMIC_GANGLIA	-3.031145485	-3.031145485	-3.031145485	0
K029AX_SKIN	-1.995963037	1.395588546	1.03658162	0.642857143
T3M10_LUNG	-1.654043515	-1.368229215	-1.490040677	0.857142857
NCIH2122_LUNG	-3.326473726	-2.24093148	-2.566338351	0.214285714
HCC95_LUNG	-4.026339276	-2.260973688	-2.723436133	0.071428571
MDAMB468_BREAST	-3.946323971	-3.946323971	-3.946323971	0
HCC1195_LUNG	-3.799995523	-3.799995523	-3.799995523	0
EN_ENDOMETRIUM	-4.19163167	-2.9892191	-3.414997788	0.071428571
TE5_OESOPHAGUS	-3.932066835	-2.478979412	-2.926530227	0.071428571
SNU668_STOMACH	-3.742784663	-0.013339454	-0.490298793	0.071428571
CORL105_LUNG	-2.853107788	-1.580423304	-1.952339645	0.285714286
GCT_SOFT_TISSUE	-2.974423116	-2.051098441	-2.339645467	0.285714286
LN18_CENTRAL_NERVOUS_SYSTEM	-3.737469663	-3.737469663	-3.737469663	0
RERFLCMS_LUNG	-3.840302551	-2.574853647	-3.007224388	0.071428571
RT112_URINARY_TRACT	-1.736172574	0.636066657	0.165587138	0.5
LOUNH91_LUNG	-3.930822734	-2.441223642	-2.891085622	0.071428571
KNS60_CENTRAL_NERVOUS_SYSTEM	-3.994539004	-3.994539004	-3.994539004	0
ISTMES2_PLEURA	-3.802234881	-3.802234881	-3.802234881	0
SW579_THYROID	-3.222618771	-3.222618771	-3.222618771	0
MDAMB231_BREAST	-3.478183186	-1.939655727	-2.309573431	0.285714286
HCC1588_LUNG	-4.129667714	-4.129667714	-4.129667714	0
HSC3_UPPER_AERODIGESTIVE_TRACT	-0.247016383	1.231545813	0.900670826	0.642857143
MELJUSO_SKIN	-2.434394505	0.138650784	-0.256156762	0.5
NCIH2030_LUNG	-3.83838004	-3.83838004	-3.83838004	0
OVCAR8_OVARY	-1.567087794	-0.040168076	-0.348045714	0.357142857
PC14_LUNG	-4.099056563	-4.099056563	-4.099056563	0
HEC151_ENDOMETRIUM	-4.339245974	-4.339245974	-4.339245974	0
RT4_URINARY_TRACT	-3.607532737	-3.607532737	-3.607532737	0
SKES1_BONE	-3.116013139	-0.549878932	-1.018344495	0.285714286
HT55_LARGE_INTESTINE	-3.038117943	0.450567588	-0.001910569	0.285714286
MKN45_STOMACH	-1.176092581	1.41117682	0.937954997	1
HEP3B217_LIVER	-3.931548892	-3.931548892	-3.931548892	0
HOS_BONE	-2.856249804	-1.94205537	-2.239394823	0.357142857
HUCCT1_BILIARY_TRACT	-2.669213332	-1.453924489	-1.763905689	0.285714286
NCIH292_LUNG	-0.374759786	0.551237996	0.274481683	0.785714286
RERFLCAI_LUNG	-3.237477505	-2.243435125	-2.522298446	0.285714286
LS180_LARGE_INTESTINE	-1.89237064	-1.281004547	-1.514799874	0.714285714
SIMA_AUTONOMIC_GANGLIA	-4.049302566	-4.049302566	-4.049302566	0
CAMA1_BREAST	-3.940981532	-3.940981532	-3.940981532	0
MDAMB436_BREAST	-3.917218614	-3.917218614	-3.917218614	0
NCIH1435_LUNG	-3.873290334	-3.873290334	-3.873290334	0
SNU1196_BILIARY_TRACT	-3.749614083	-2.547201512	-2.9729802	0.071428571
SNU449_LIVER	-3.973129992	-3.973129992	-3.973129992	0
TE9_OESOPHAGUS	-3.823882622	-3.823882622	-3.823882622	0
ABC1_LUNG	-3.719943412	-0.990575793	-1.466080316	0.071428571
NCIH1373_LUNG	-4.085963423	-2.346075072	-2.686886682	0.142857143
EBC1_LUNG	-4.014171476	-0.736439114	-1.213102382	0.071428571
SKMES1_LUNG	-4.176330683	-4.176330683	-4.176330683	0
HCC56_LARGE_INTESTINE	-4.455276739	-4.455276739	-4.455276739	0
OUMS23_LARGE_INTESTINE	-4.230188366	-3.687420597	-3.967773929	0.071428571
DETROIT562_UPPER_AERODIGESTIVE_TRACT	-3.967727896	-3.967727896	-3.967727896	0
PECAPJ49_UPPER_AERODIGESTIVE_TRACT	-3.799855179	-1.830845525	-2.298737205	0.071428571
SW1088_CENTRAL_NERVOUS_SYSTEM	-3.700093398	-3.700093398	-3.700093398	0
BCPAP_THYROID	-3.152567648	-3.152567648	-3.152567648	0
HDQP1_BREAST	-3.878942837	-3.878942837	-3.878942837	0
BICR56_UPPER_AERODIGESTIVE_TRACT	-3.818402914	-2.689755438	-3.106660808	0.071428571
SNU81_LARGE_INTESTINE	-4.107225352	-2.523538694	-2.952572302	0.142857143
OSRC2_KIDNEY	-3.821752418	-2.137794524	-2.597295353	0.071428571
2313287_STOMACH	-4.034838138	-4.034838138	-4.034838138	0
NCIH2170_LUNG	-4.081729931	-4.081729931	-4.081729931	0
HUPT3_PANCREAS	-3.542076932	-3.542076932	-3.542076932	0
HCC1428_BREAST	-3.998821318	-3.998821318	-3.998821318	0
NCIH650_LUNG	-1.520712307	1.290367083	0.815744248	0.642857143
NCIH2110_LUNG	-4.375063929	-2.909461768	-3.335326817	0.142857143
RERFLCKJ_LUNG	-3.954167198	-1.806756619	-2.277735603	0.071428571
PANC0403_PANCREAS	-3.819343382	-3.0427095	-3.394512179	0.071428571
NCIH23_LUNG	-3.97360067	-2.028458253	-2.484001577	0.142857143
NUGC3_STOMACH	-4.014171476	-1.686586525	-2.116514244	0.142857143
KNS81_CENTRAL_NERVOUS_SYSTEM	-3.767065418	-3.767065418	-3.767065418	0
COLO800_SKIN	-1.309486856	0.603493752	0.16956923	0.571428571
IPC298_SKIN	-3.979473494	-2.648013166	-2.98829361	0.214285714
GP2D_LARGE_INTESTINE	-3.959156333	-3.959156333	-3.959156333	0
OE21_OESOPHAGUS	-3.819611714	-3.819611714	-3.819611714	0
KYSE140_OESOPHAGUS	-4.259553636	-2.675866977	-3.130906159	0.071428571
NCIH1693_LUNG	-4.054409661	-4.054409661	-4.054409661	0
COV644_OVARY	-2.516160745	-2.516160745	-2.516160745	0
HCC38_BREAST	-3.959156333	-3.959156333	-3.959156333	0
NCIH2452_PLEURA	-3.836190857	-3.836190857	-3.836190857	0
SW1271_LUNG	-3.812171508	-2.683524031	-3.100429402	0.071428571
HT1376_URINARY_TRACT	-3.828243443	-2.217236548	-2.673590393	0.071428571
HEC251_ENDOMETRIUM	-3.810804942	-0.431630983	-0.797964134	0.142857143
KNS42_CENTRAL_NERVOUS_SYSTEM	-3.977067922	-3.977067922	-3.977067922	0
NCIH446_LUNG	-4.00376456	-4.00376456	-4.00376456	0
WM88_SKIN	-1.472553211	0.994092052	0.524861815	0.571428571
COLO741_SKIN	-2.165786294	0.550628496	0.224158544	0.785714286
HEC108_ENDOMETRIUM	-4.008478557	-4.008478557	-4.008478557	0
MCF7_BREAST	-4.068095413	-4.068095413	-4.068095413	0
SKNAS_AUTONOMIC_GANGLIA	-1.636086621	0.704798402	0.23664855	0.571428571
TM31_CENTRAL_NERVOUS_SYSTEM	-3.762194205	-3.762194205	-3.762194205	0
JHH7_LIVER	-1.749949657	1.393687768	1.008831473	0.857142857
NCIH2126_LUNG	-3.718422239	-3.718422239	-3.718422239	0
MFE319_ENDOMETRIUM	-3.936700726	-3.936700726	-3.936700726	0
NCIH747_LARGE_INTESTINE	-3.994449338	-2.288664852	-2.749012895	0.071428571
SNU308_BILIARY_TRACT	-3.77546074	-1.941565001	-2.40613669	0.071428571
HUH28_BILIARY_TRACT	-3.429579665	-3.429579665	-3.429579665	0
U118MG_CENTRAL_NERVOUS_SYSTEM	-3.104519459	-3.104519459	-3.104519459	0
SNU1214_UPPER_AERODIGESTIVE_TRACT	-3.641773329	-3.641773329	-3.641773329	0
NCIH2228_LUNG	-3.481061323	-3.481061323	-3.481061323	0
NCIH2444_LUNG	-3.756492901	-3.756492901	-3.756492901	0
HEC6_ENDOMETRIUM	-3.741662662	-3.741662662	-3.741662662	0
HCC366_LUNG	-3.73159632	-3.73159632	-3.73159632	0
TE10_OESOPHAGUS	-3.75948596	-2.594979232	-2.982163286	0.214285714
UACC257_SKIN	-3.700446483	-2.498033912	-2.9238126	0.071428571
8305C_THYROID	-3.809021952	-2.76928484	-3.173600313	0.071428571
IM95_STOMACH	-4.03679479	-4.03679479	-4.03679479	0
SCC25_UPPER_AERODIGESTIVE_TRACT	-4.002005569	-4.002005569	-4.002005569	0
BICR16_UPPER_AERODIGESTIVE_TRACT	-3.67892176	-3.67892176	-3.67892176	0
ONCODG1_OVARY	-3.70308551	-3.70308551	-3.70308551	0
KALS1_CENTRAL_NERVOUS_SYSTEM	-3.680032962	-3.680032962	-3.680032962	0
SKMEL5_SKIN	-3.000680124	-2.223357449	-2.486460678	0.214285714
ASPC1_PANCREAS	-1.850586139	0.27884973	-0.15948879	0.5
SNU46_UPPER_AERODIGESTIVE_TRACT	-3.576271781	-3.576271781	-3.576271781	0
769P_KIDNEY	-4.215400414	-4.215400414	-4.215400414	0
NCIH841_LUNG	-3.762958943	-3.762958943	-3.762958943	0
SKMEL24_SKIN	-3.774866426	-1.940970687	-2.321779004	0.142857143
SNU1041_UPPER_AERODIGESTIVE_TRACT	-3.560404389	-0.997915064	-1.417809211	0.214285714
WM793_SKIN	-3.730609661	-3.730609661	-3.730609661	0
COV362_OVARY	-3.516969237	-3.516969237	-3.516969237	0
ISTMES1_PLEURA	-3.538760717	-1.832976231	-2.293324274	0.071428571
PANC0327_PANCREAS	-3.472496244	-3.472496244	-3.472496244	0
UACC62_SKIN	-2.603332156	-0.159827051	-0.553935249	0.214285714
UBLC1_URINARY_TRACT	-3.420597383	-3.420597383	-3.420597383	0
HCC1937_BREAST	-3.352697147	-3.352697147	-3.352697147	0
MALME3M_SKIN	-4.099127037	-4.099127037	-4.099127037	0
TUHR4TKB_KIDNEY	-3.35387463	-3.35387463	-3.35387463	0
NCIH1915_LUNG	-1.787321138	-0.712924917	-1.072629092	0.714285714
CAPAN2_PANCREAS	-3.609060023	-3.609060023	-3.609060023	0
NCIH1623_LUNG	-3.45141133	-3.45141133	-3.45141133	0
SNU719_STOMACH	-3.292058257	-3.292058257	-3.292058257	0
SNU869_BILIARY_TRACT	-3.624885404	0.90726848	0.43036318	0.142857143
CAL78_BONE	-3.187856665	-3.187856665	-3.187856665	0
NCIH1355_LUNG	-3.746450962	-3.746450962	-3.746450962	0
RMUGS_OVARY	-3.923810236	-1.404706204	-1.739511443	0.142857143
S117_SOFT_TISSUE	-2.812725618	-1.807839557	-2.112227739	0.214285714
MDAMB435S_SKIN	-3.8983904	-2.69597783	-3.121756518	0.071428571
HS294T_SKIN	-3.863945155	-1.050518248	-1.526306838	0.071428571
TCCPAN2_PANCREAS	-3.711468395	-2.129547452	-2.560660764	0.214285714
SNB75_CENTRAL_NERVOUS_SYSTEM	-3.576036836	-3.576036836	-3.576036836	0
NCIH2009_LUNG	-3.753535858	-3.753535858	-3.753535858	0
NCIH1650_LUNG	-3.839534568	-3.839534568	-3.839534568	0
DV90_LUNG	-3.947923953	-3.947923953	-3.947923953	0
WM1799_SKIN	-3.1630276	-2.052050097	-2.399372498	0.285714286
WM2664_SKIN	-0.982826534	0.042971155	-0.282695413	1
SNU410_PANCREAS	-3.770232712	-3.770232712	-3.770232712	0
OVISE_OVARY	-4.067413692	-4.067413692	-4.067413692	0
HCC1143_BREAST	-3.902177553	-3.902177553	-3.902177553	0
SNU1105_CENTRAL_NERVOUS_SYSTEM	-3.760199562	-3.760199562	-3.760199562	0
RCC10RGB_KIDNEY	-3.613394336	-3.613394336	-3.613394336	0
RERFLCAD1_LUNG	-3.444467521	-2.667833638	-3.019636317	0.071428571
NCIH226_LUNG	-3.797321201	-2.050922058	-2.512741538	0.071428571
SKMEL2_SKIN	-3.322172094	-3.322172094	-3.322172094	0
DKMG_CENTRAL_NERVOUS_SYSTEM	-3.466791638	-3.466791638	-3.466791638	0
CAOV3_OVARY	-3.764332087	-3.764332087	-3.764332087	0
IALM_LUNG	-3.362413313	-3.362413313	-3.362413313	0
NCIH2347_LUNG	-3.738117381	-3.738117381	-3.738117381	0
SKMEL3_SKIN	-2.98419601	-2.98419601	-2.98419601	0
SQ1_LUNG	-3.697968839	-3.697968839	-3.697968839	0
UMUC1_URINARY_TRACT	-3.374167089	-1.330649145	-1.799982922	0.071428571
LS1034_LARGE_INTESTINE	-3.46070472	-3.46070472	-3.46070472	0
COV434_OVARY	-3.51508041	-3.51508041	-3.51508041	0
CCFSTTG1_CENTRAL_NERVOUS_SYSTEM	-3.798167504	-3.798167504	-3.798167504	0
COLO680N_OESOPHAGUS	-3.408338572	-1.532140272	-1.952186375	0.214285714
SW900_LUNG	-3.831257114	-3.831257114	-3.831257114	0
SH10TC_STOMACH	-2.855000256	0.134921767	-0.340344452	0.357142857
BT549_BREAST	-3.188430749	-3.188430749	-3.188430749	0
BICR6_UPPER_AERODIGESTIVE_TRACT	-3.962257757	-3.419489989	-3.69984332	0.071428571
BICR31_UPPER_AERODIGESTIVE_TRACT	-3.340743334	-3.340743334	-3.340743334	0
LNCAPCLONEFGC_PROSTATE	-3.597360405	-3.597360405	-3.597360405	0
TEN_ENDOMETRIUM	-3.289792762	-3.289792762	-3.289792762	0
RCM1_LARGE_INTESTINE	-4.031804255	-4.031804255	-4.031804255	0
SNU1079_BILIARY_TRACT	-3.874237542	-3.874237542	-3.874237542	0
BT474_BREAST	-3.767216766	-3.767216766	-3.767216766	0
EFO21_OVARY	-3.721122874	-3.721122874	-3.721122874	0
OV56_OVARY	-3.59780767	-3.59780767	-3.59780767	0
MDAMB175VII_BREAST	-3.658806669	-3.658806669	-3.658806669	0
TT_THYROID	-3.563399322	-3.563399322	-3.563399322	0
PANC0813_PANCREAS	-4.206521946	-3.27870981	-3.663754178	0.071428571
TM87_SOFT_TISSUE	-3.570146474	-1.953544781	-2.331442937	0.214285714
MON_SOFT_TISSUE	-2.948821359	-2.948821359	-2.948821359	0
SKNEP1_BONE	-3.795481866	-3.795481866	-3.795481866	0
EWS502_BONE	-3.513997381	-3.513997381	-3.513997381	0