Cell_line	CI.05	CI.95	mean	penetrance
KYSE510_OESOPHAGUS	-3.235235943	-2.443916395	-2.70126918	0.357142857
8505C_THYROID	-1.004575554	0.775878578	0.340623115	0.5
GI1_CENTRAL_NERVOUS_SYSTEM	-3.623834097	-3.623834097	-3.623834097	0
A549_LUNG	-0.568394262	0.378195293	0.068156369	0.642857143
LU99_LUNG	-0.863611807	-0.004799482	-0.325499923	1
CAL29_URINARY_TRACT	-3.94752451	-3.94752451	-3.94752451	0
5637_URINARY_TRACT	-3.751187045	-3.751187045	-3.751187045	0
SW948_LARGE_INTESTINE	-4.303123683	-3.518684923	-3.753660791	0.142857143
NCIH1339_LUNG	-4.036306453	-4.036306453	-4.036306453	0
HEC1A_ENDOMETRIUM	-1.265246584	-0.543374756	-0.798806737	0.571428571
SNU840_OVARY	-1.399911501	-0.563323387	-0.836414905	0.428571429
HCC827_LUNG	-3.732908389	-3.732908389	-3.732908389	0
GAMG_CENTRAL_NERVOUS_SYSTEM	-3.941488353	-2.84642826	-3.258835896	0.071428571
NCIH1437_LUNG	-4.388226489	-3.17703942	-3.603787729	0.071428571
GB1_CENTRAL_NERVOUS_SYSTEM	-1.643551436	-0.978486065	-1.211978801	0.357142857
NCIH322_LUNG	-3.987580021	-1.655798805	-2.1213114	0.142857143
SNUC2A_LARGE_INTESTINE	-4.578756735	-2.43487049	-2.770807014	0.214285714
CORL23_LUNG	-3.375401201	-1.772031565	-2.209906235	0.357142857
SNU761_LIVER	-3.842471158	-1.738956319	-2.138294071	0.142857143
NCIN87_STOMACH	-3.584646224	-3.584646224	-3.584646224	0
RERFLCAD2_LUNG	-3.719774656	-3.719774656	-3.719774656	0
HCC1806_BREAST	-2.017359843	-1.042742329	-1.33727365	0.357142857
NCIH1793_LUNG	-3.794061674	-3.794061674	-3.794061674	0
MESSA_SOFT_TISSUE	-3.59590946	-1.84877891	-2.23733589	0.214285714
NCIH1975_LUNG	-3.923915736	-3.241263279	-3.567531447	0.071428571
MFE296_ENDOMETRIUM	-3.057395695	-2.183674195	-2.463550386	0.285714286
KYSE270_OESOPHAGUS	-3.578982828	-2.798052813	-3.068526405	0.214285714
KYSE150_OESOPHAGUS	-0.385134275	0.851689122	0.547379288	0.714285714
PSN1_PANCREAS	-1.799482844	-0.742948352	-1.058180787	0.285714286
OC316_OVARY	-3.854518238	-1.571712348	-2.044327992	0.071428571
CAL27_UPPER_AERODIGESTIVE_TRACT	-2.84960533	-1.189560147	-1.494253602	0.285714286
A172_CENTRAL_NERVOUS_SYSTEM	-4.269424937	-4.269424937	-4.269424937	0
TE11_OESOPHAGUS	-3.36279969	-1.543505412	-1.92822804	0.214285714
BC3C_URINARY_TRACT	-1.530619909	-1.053947379	-1.238837494	0.571428571
ESS1_ENDOMETRIUM	-3.643788621	-3.643788621	-3.643788621	0
HS944T_SKIN	-0.758871247	0.846885044	0.424478095	0.642857143
NCIH2023_LUNG	-2.839841355	-1.580105098	-1.915669092	0.214285714
RH30_SOFT_TISSUE	-3.963318777	-3.963318777	-3.963318777	0
8MGBA_CENTRAL_NERVOUS_SYSTEM	-3.68206281	-2.745989341	-3.132599918	0.071428571
MPP89_PLEURA	-3.660937942	-3.660937942	-3.660937942	0
GCIY_STOMACH	-4.050013295	-3.113939825	-3.500550402	0.071428571
SNU213_PANCREAS	-3.763874854	-1.701410644	-2.171074011	0.071428571
SF539_CENTRAL_NERVOUS_SYSTEM	-3.531791206	-3.531791206	-3.531791206	0
YD8_UPPER_AERODIGESTIVE_TRACT	-3.881741737	-3.19908928	-3.525357448	0.071428571
HARA_LUNG	-2.041990972	-1.092102219	-1.375359242	0.357142857
MHHES1_BONE	-3.52178883	-2.73735007	-2.972325938	0.142857143
MELHO_SKIN	-2.21083454	-0.815096849	-1.2352279	0.5
U251MG_CENTRAL_NERVOUS_SYSTEM	-3.854022892	-3.854022892	-3.854022892	0
JIMT1_BREAST	-3.680587499	-2.997935041	-3.324203209	0.071428571
PANC1005_PANCREAS	-3.833471246	-3.833471246	-3.833471246	0
NCIH1703_LUNG	-3.595341992	-3.595341992	-3.595341992	0
KYSE410_OESOPHAGUS	-3.707448561	-3.707448561	-3.707448561	0
HT144_SKIN	-3.616830907	-3.616830907	-3.616830907	0
SNU601_STOMACH	-3.583723665	-3.583723665	-3.583723665	0
LS411N_LARGE_INTESTINE	-3.950015023	-3.013941553	-3.40055213	0.071428571
U2OS_BONE	-3.554847537	-3.554847537	-3.554847537	0
22RV1_PROSTATE	-3.824015414	-3.141362956	-3.467631124	0.071428571
OE19_OESOPHAGUS	-3.980970466	-3.980970466	-3.980970466	0
SH4_SKIN	-3.592183472	-3.592183472	-3.592183472	0
NCIH661_LUNG	-3.981894497	-1.934023868	-2.389093654	0.142857143
LC1SQSF_LUNG	-3.841707003	-3.841707003	-3.841707003	0
JHH1_LIVER	-3.809159365	-3.809159365	-3.809159365	0
NCIH28_PLEURA	-3.423945854	-3.423945854	-3.423945854	0
GMS10_CENTRAL_NERVOUS_SYSTEM	-3.684449554	-3.684449554	-3.684449554	0
HEYA8_OVARY	-0.492770417	0.249779855	-0.056007154	1
RKO_LARGE_INTESTINE	-2.613828014	-1.84370184	-2.107654265	0.5
CAL62_THYROID	-3.111304813	-1.526465981	-1.848859054	0.285714286
HLF_LIVER	-3.322593535	-3.322593535	-3.322593535	0
T24_URINARY_TRACT	-3.913884902	-2.702697833	-3.129446142	0.071428571
ES2_OVARY	0.825231069	1.838540346	1.477524428	1
YD15_SALIVARY_GLAND	-3.66612533	-2.670353299	-2.983472872	0.142857143
KYSE70_OESOPHAGUS	-3.652181083	-2.797378303	-3.072491903	0.214285714
KP4_PANCREAS	-1.339614412	-1.012188585	-1.148514932	0.785714286
A2780_OVARY	-0.310551219	-0.107801353	-0.198562406	1
AGS_STOMACH	-1.815192107	-1.456987878	-1.600556494	0.785714286
ISHIKAWAHERAKLIO02ER_ENDOMETRIUM	-4.021984571	-1.756813103	-2.229243037	0.071428571
HGC27_STOMACH	-3.645394147	-3.645394147	-3.645394147	0
647V_URINARY_TRACT	-3.716078957	-1.878869367	-2.297900916	0.214285714
CAL12T_LUNG	-3.778420169	-1.935304488	-2.400136099	0.071428571
L33_PANCREAS	-3.607319671	-1.294846749	-1.64764209	0.214285714
SF295_CENTRAL_NERVOUS_SYSTEM	-3.617044793	-3.617044793	-3.617044793	0
UO31_KIDNEY	-3.751814638	-2.815741169	-3.202351746	0.071428571
YD10B_UPPER_AERODIGESTIVE_TRACT	-3.910851653	-1.326708042	-1.798718401	0.142857143
DMS273_LUNG	-0.249836172	0.13278266	-0.027774045	1
G361_SKIN	-3.468029255	-1.087728528	-1.511027785	0.214285714
OAW42_OVARY	-3.610798943	-3.610798943	-3.610798943	0
HMC18_BREAST	-3.656067388	-1.536673069	-1.998013978	0.214285714
CAL54_KIDNEY	-3.424612461	-3.424612461	-3.424612461	0
MIAPACA2_PANCREAS	-4.045890717	-3.050118686	-3.363238259	0.142857143
SW620_LARGE_INTESTINE	-1.57301415	-0.405869796	-0.781306959	0.928571429
SKHEP1_LIVER	-0.521396071	0.284274314	0.024473034	0.928571429
SW480_LARGE_INTESTINE	-1.725852139	-0.451841872	-0.823286458	0.428571429
YKG1_CENTRAL_NERVOUS_SYSTEM	-3.98584558	-1.677862024	-2.150730209	0.071428571
J82_URINARY_TRACT	-3.788478117	-3.004039357	-3.239015225	0.142857143
KYSE30_OESOPHAGUS	-2.17342152	-1.417720187	-1.682306664	0.357142857
NCIH2172_LUNG	-3.950610627	-3.950610627	-3.950610627	0
G401_SOFT_TISSUE	-3.570835643	-2.47577555	-2.888183185	0.071428571
SNU407_LARGE_INTESTINE	-3.338312575	-0.983970252	-1.442976624	0.142857143
AN3CA_ENDOMETRIUM	-3.68389993	-3.68389993	-3.68389993	0
PLCPRF5_LIVER	-3.712627015	-3.712627015	-3.712627015	0
YAPC_PANCREAS	-3.219565954	-0.949596222	-1.320612665	0.214285714
SCABER_URINARY_TRACT	-3.800276075	-2.864202605	-3.250813182	0.071428571
G292CLONEA141B1_BONE	-3.433839094	-3.433839094	-3.433839094	0
JHH4_LIVER	-3.714510416	-3.714510416	-3.714510416	0
HS766T_PANCREAS	-0.680103876	-0.114357367	-0.323652149	0.571428571
SW837_LARGE_INTESTINE	-3.887630175	-3.204977717	-3.531245885	0.071428571
KURAMOCHI_OVARY	-3.799995523	-3.799995523	-3.799995523	0
YH13_CENTRAL_NERVOUS_SYSTEM	-3.301888387	-3.301888387	-3.301888387	0
NCIH2052_PLEURA	-3.363181296	-3.363181296	-3.363181296	0
COLO679_SKIN	-3.737145442	-3.737145442	-3.737145442	0
A704_KIDNEY	-3.573207546	-3.573207546	-3.573207546	0
NCIH596_LUNG	-3.533608884	-3.533608884	-3.533608884	0
KP3_PANCREAS	-2.731166006	-1.272571467	-1.668496842	0.285714286
SKUT1_SOFT_TISSUE	-3.152671485	-1.461993427	-1.842388317	0.214285714
42MGBA_CENTRAL_NERVOUS_SYSTEM	-3.913560923	-3.913560923	-3.913560923	0
A375_SKIN	-1.148415041	-0.220544205	-0.542438227	0.785714286
FTC133_THYROID	-3.832430708	-3.832430708	-3.832430708	0
HT1080_SOFT_TISSUE	0.082042315	0.279411957	0.189845877	1
SNU1077_ENDOMETRIUM	-3.475764983	-3.475764983	-3.475764983	0
JHOC5_OVARY	-3.776054241	-3.093401784	-3.419669952	0.071428571
NCIH1299_LUNG	-4.26304625	-2.96032334	-3.396205538	0.071428571
PANC1_PANCREAS	-3.96418496	-3.96418496	-3.96418496	0
SNU1076_UPPER_AERODIGESTIVE_TRACT	-3.355439657	-1.202607128	-1.673661789	0.071428571
IGR37_SKIN	-0.237937021	0.658820239	0.347572153	1
JHH6_LIVER	-3.919675581	-3.919675581	-3.919675581	0
NCIH460_LUNG	1.908037323	2.757653253	2.441427227	1
SJSA1_BONE	-0.400576914	0.046204139	-0.132557416	0.785714286
A2058_SKIN	-0.139228525	0.316591738	0.133201057	1
ACCMESO1_PLEURA	-3.69081096	-3.008158502	-3.334426671	0.071428571
VMCUB1_URINARY_TRACT	-1.055211845	-0.309712946	-0.562418368	0.714285714
YD38_UPPER_AERODIGESTIVE_TRACT	-2.576706773	-1.206199238	-1.582609739	0.285714286
BFTC909_KIDNEY	-4.330648235	-4.330648235	-4.330648235	0
DAOY_CENTRAL_NERVOUS_SYSTEM	-4.267325048	-2.283290505	-2.734969097	0.142857143
EFO27_OVARY	-3.876831761	-1.988582296	-2.454611622	0.071428571
IGR1_SKIN	-3.455787219	-0.28797206	-0.761871777	0.214285714
LI7_LIVER	-3.757112879	-3.757112879	-3.757112879	0
OVK18_OVARY	-3.731752784	-2.950822769	-3.221296362	0.214285714
SBC5_LUNG	-3.523726949	-1.938165485	-2.347755287	0.214285714
TOV112D_OVARY	-3.865033764	-3.865033764	-3.865033764	0
KELLY_AUTONOMIC_GANGLIA	-3.624254925	-2.941602468	-3.267870636	0.071428571
PATU8902_PANCREAS	-3.6632511	-3.6632511	-3.6632511	0
TT2609C02_THYROID	-3.751048512	-2.970118497	-3.24059209	0.214285714
QGP1_PANCREAS	-4.031886531	-3.349234074	-3.675502242	0.071428571
SW1710_URINARY_TRACT	-4.108744349	-4.108744349	-4.108744349	0
BECKER_CENTRAL_NERVOUS_SYSTEM	-3.82014788	-1.206788691	-1.586058143	0.142857143
NCIH520_LUNG	-4.076935937	-1.9013972	-2.361978079	0.142857143
SNU685_ENDOMETRIUM	-3.810120042	-1.943851421	-2.409312568	0.071428571
SW1353_BONE	-3.409015511	-3.409015511	-3.409015511	0
A101D_SKIN	-1.945833191	-0.392769616	-0.804927651	0.5
BHT101_THYROID	-3.534126826	-2.851474368	-3.177742537	0.071428571
HEC1B_ENDOMETRIUM	-3.984471374	-1.437882701	-1.912543617	0.071428571
SNU61_LARGE_INTESTINE	-3.890829412	-3.890829412	-3.890829412	0
SNU886_LIVER	-3.593539937	-3.593539937	-3.593539937	0
SW1573_LUNG	-2.880418204	0.297014877	-0.178734932	0.214285714
G402_SOFT_TISSUE	-4.243277472	-4.243277472	-4.243277472	0
PECAPJ15_UPPER_AERODIGESTIVE_TRACT	-4.019959884	-1.833498243	-2.305002026	0.071428571
RL952_ENDOMETRIUM	-3.302892063	-0.660833561	-1.131909524	0.357142857
CADOES1_BONE	-2.985445375	-0.9525152	-1.369597691	0.285714286
COLO668_LUNG	-3.284766678	-3.284766678	-3.284766678	0
LS513_LARGE_INTESTINE	-4.167149647	-4.167149647	-4.167149647	0
RMGI_OVARY	-3.922648031	-3.922648031	-3.922648031	0
VMRCRCW_KIDNEY	-2.594163413	-1.329843699	-1.644797619	0.357142857
CAKI1_KIDNEY	-4.06022879	-4.06022879	-4.06022879	0
OV7_OVARY	-2.993282	-2.993282	-2.993282	0
BEN_LUNG	-3.683166014	-3.683166014	-3.683166014	0
MKN1_STOMACH	-3.759737956	-3.759737956	-3.759737956	0
LCLC103H_LUNG	-3.485195224	-1.46812179	-1.925652554	0.214285714
NCIH1573_LUNG	-3.855507238	-0.509071997	-0.856865427	0.142857143
DBTRG05MG_CENTRAL_NERVOUS_SYSTEM	-3.873645779	-1.319281821	-1.713111853	0.142857143
PECAPJ41CLONED2_UPPER_AERODIGESTIVE_TRACT	-0.925218239	-0.195394091	-0.44059036	0.571428571
HCC4006_LUNG	-3.511823186	-3.511823186	-3.511823186	0
NCIH1581_LUNG	-3.504957813	-3.504957813	-3.504957813	0
CALU1_LUNG	-2.999530949	-0.743452685	-1.215783903	0.071428571
NUGC4_STOMACH	-3.15256893	-1.191411676	-1.577283386	0.214285714
NCIH1563_LUNG	-4.057677974	-2.387548384	-2.813787925	0.142857143
JHUEM2_ENDOMETRIUM	-3.600925695	-1.865177385	-2.326623733	0.071428571
JHOM1_OVARY	-4.184048558	-3.501396101	-3.827664269	0.071428571
SKOV3_OVARY	-3.828506333	-1.631389783	-2.103028851	0.071428571
SKNBE2_AUTONOMIC_GANGLIA	-3.968870777	-3.968870777	-3.968870777	0
LUDLU1_LUNG	-3.857355564	-3.857355564	-3.857355564	0
HCC1359_LUNG	-4.003501165	-4.003501165	-4.003501165	0
PK1_PANCREAS	-3.91193739	-1.637859212	-2.110383876	0.071428571
SNU466_CENTRAL_NERVOUS_SYSTEM	-3.944315669	-2.151574136	-2.614918034	0.071428571
SKLU1_LUNG	-3.805433862	-3.805433862	-3.805433862	0
NCIH1838_LUNG	-4.142991866	-4.142991866	-4.142991866	0
SNU245_BILIARY_TRACT	-4.235883094	-4.235883094	-4.235883094	0
MKN74_STOMACH	-3.818402914	-3.818402914	-3.818402914	0
KYSE180_OESOPHAGUS	-3.870436253	-0.124737526	-0.601702812	0.071428571
KMRC1_KIDNEY	-4.118759898	-3.023699806	-3.436107441	0.071428571
CALU6_LUNG	-4.350372077	-2.614623767	-3.020974442	0.142857143
GOS3_CENTRAL_NERVOUS_SYSTEM	-3.702918664	-1.906470425	-2.257749439	0.214285714
HUH6_LIVER	-3.707101126	-3.707101126	-3.707101126	0
PK59_PANCREAS	-3.818133835	-1.013170911	-1.488933315	0.071428571
TCCSUP_URINARY_TRACT	-3.860174474	-3.860174474	-3.860174474	0
HS939T_SKIN	-0.889773306	0.070709891	-0.24560135	0.357142857
TOV21G_OVARY	-3.644592126	-2.961939668	-3.288207837	0.071428571
OVTOKO_OVARY	-3.958474934	-3.958474934	-3.958474934	0
TE1_OESOPHAGUS	-3.547631937	-1.418758576	-1.889471677	0.071428571
DANG_PANCREAS	-3.990032899	-1.82569889	-2.29691103	0.071428571
LMSU_STOMACH	-3.51508041	-3.51508041	-3.51508041	0
MSTO211H_PLEURA	-3.886021675	-3.886021675	-3.886021675	0
T47D_BREAST	-4.173252246	-3.237178777	-3.623789354	0.071428571
PC3_PROSTATE	-3.897270218	-3.897270218	-3.897270218	0
VMRCRCZ_KIDNEY	-3.544610746	-3.544610746	-3.544610746	0
RVH421_SKIN	-3.830472953	-3.830472953	-3.830472953	0
JHOS2_OVARY	-4.093381285	-4.093381285	-4.093381285	0
HS852T_SKIN	-3.62509536	-3.62509536	-3.62509536	0
SNU738_CENTRAL_NERVOUS_SYSTEM	-3.784279205	-3.784279205	-3.784279205	0
SKMEL30_SKIN	-3.788766207	-1.598723805	-1.922497586	0.142857143
NCIH522_LUNG	-4.192143911	-4.192143911	-4.192143911	0
PATU8988S_PANCREAS	-4.215076797	-2.007560495	-2.479328486	0.071428571
MFE280_ENDOMETRIUM	-3.986759307	-3.986759307	-3.986759307	0
OVSAHO_OVARY	-3.794630308	-2.124500719	-2.583443239	0.071428571
SNUC4_LARGE_INTESTINE	-4.294761344	-1.662962828	-2.090684029	0.142857143
KPL1_BREAST	-4.148750062	-4.148750062	-4.148750062	0
KYSE520_OESOPHAGUS	-3.422772596	-1.741295071	-2.109027296	0.214285714
COLO792_SKIN	-3.956522167	-3.956522167	-3.956522167	0
SW1990_PANCREAS	-3.726972609	-1.838723145	-2.304752471	0.071428571
HS729_SOFT_TISSUE	-3.856863446	-3.856863446	-3.856863446	0
TE6_OESOPHAGUS	-3.893326669	-3.893326669	-3.893326669	0
NCIH727_LUNG	-4.037850974	-4.037850974	-4.037850974	0
PANC0203_PANCREAS	-3.922436386	-2.329635543	-2.746616885	0.142857143
NCIH358_LUNG	-3.662866428	-3.662866428	-3.662866428	0
HEC59_ENDOMETRIUM	-4.087558496	-4.087558496	-4.087558496	0
HCC1419_BREAST	-3.876125782	-3.876125782	-3.876125782	0
NCIH1792_LUNG	-3.604682018	-3.604682018	-3.604682018	0
NCIH1048_LUNG	-4.187396851	-4.187396851	-4.187396851	0
NCIH1568_LUNG	-3.924758822	-1.165381647	-1.478314146	0.142857143
EFM192A_BREAST	-3.735683443	-3.735683443	-3.735683443	0
MKN7_STOMACH	-3.804184891	-3.804184891	-3.804184891	0
SNU423_LIVER	-3.751500955	-3.751500955	-3.751500955	0
PK45H_PANCREAS	-4.01536953	-4.01536953	-4.01536953	0
ZR751_BREAST	-4.301844204	-1.640150063	-2.115382563	0.071428571
KMRC3_KIDNEY	-4.0841437	-4.0841437	-4.0841437	0
RD_SOFT_TISSUE	-3.811078599	-2.635259098	-2.944237887	0.142857143
NCIH2077_LUNG	-2.567383692	-2.198224045	-2.35055292	0.714285714
CL34_LARGE_INTESTINE	-4.390934182	-4.390934182	-4.390934182	0
NCIH2087_LUNG	-3.62989655	-3.62989655	-3.62989655	0
NCIH1944_LUNG	-3.902731712	-2.658841663	-3.035891	0.142857143
253JBV_URINARY_TRACT	-3.910960349	-1.476536423	-1.95047496	0.071428571
786O_KIDNEY	-3.778272675	-2.683212583	-3.095620218	0.071428571
IGROV1_OVARY	-3.716555762	-3.033903305	-3.360171473	0.071428571
LOVO_LARGE_INTESTINE	-3.756803	-3.074150543	-3.400418711	0.071428571
LOXIMVI_SKIN	-1.475698711	-0.008069993	-0.436106583	0.571428571
SW48_LARGE_INTESTINE	-3.077972971	-3.077972971	-3.077972971	0
HPAC_PANCREAS	-1.554389346	0.087555714	-0.358412191	0.714285714
BXPC3_PANCREAS	-1.068737012	-0.350863614	-0.605842666	0.642857143
HUH7_LIVER	-3.91063418	-3.91063418	-3.91063418	0
KP2_PANCREAS	-3.590368237	-3.590368237	-3.590368237	0
FTC238_THYROID	-3.492889403	-2.810236946	-3.136505114	0.071428571
H4_CENTRAL_NERVOUS_SYSTEM	-3.335459386	-3.335459386	-3.335459386	0
KMBC2_URINARY_TRACT	-2.624732347	-1.654488721	-1.943448013	0.428571429
ONS76_CENTRAL_NERVOUS_SYSTEM	-3.925810383	-1.423797696	-1.893040826	0.142857143
PATU8988T_PANCREAS	-1.896818648	-1.063620459	-1.336795109	0.5
253J_URINARY_TRACT	-3.90472085	-3.222068393	-3.548336561	0.071428571
639V_URINARY_TRACT	-4.171585544	-2.170690988	-2.607956408	0.142857143
CHL1_SKIN	-3.725475901	-2.588161596	-2.94103714	0.142857143
HCT116_LARGE_INTESTINE	-0.143089114	1.201817753	0.89679132	1
KU1919_URINARY_TRACT	-0.565222636	0.402280889	0.049860188	1
HCT15_LARGE_INTESTINE	-4.295748275	-2.559999965	-2.96635064	0.142857143
HT29_LARGE_INTESTINE	-3.285092339	-1.992947794	-2.365354012	0.214285714
MCAS_OVARY	-0.291781325	0.500261404	0.234864984	0.5
SUIT2_PANCREAS	0.125669595	1.127242836	0.826623929	0.857142857
TE8_OESOPHAGUS	-3.994180231	-3.994180231	-3.994180231	0
CJM_SKIN	-3.484846683	-2.802194225	-3.128462394	0.071428571
SNU398_LIVER	-3.901178281	-3.218525823	-3.544793992	0.071428571
SNUC5_LARGE_INTESTINE	-3.069945399	0.185999001	-0.127567157	0.214285714
NCIH1651_LUNG	-3.519653389	-3.519653389	-3.519653389	0
HCC78_LUNG	-3.991299328	-3.991299328	-3.991299328	0
LK2_LUNG	-3.601700793	-1.881501777	-2.264963213	0.214285714
SW780_URINARY_TRACT	-3.637918319	-3.637918319	-3.637918319	0
TE4_OESOPHAGUS	-2.917860903	-2.917860903	-2.917860903	0
RKN_SOFT_TISSUE	-3.766914016	-1.501742548	-1.974172483	0.071428571
WM983B_SKIN	-1.861666086	-1.157578251	-1.403371211	0.357142857
KNS62_LUNG	-3.398533236	-3.398533236	-3.398533236	0
LN229_CENTRAL_NERVOUS_SYSTEM	-0.63502102	-0.069162869	-0.283563814	0.642857143
A673_BONE	-1.211770503	-0.710359867	-0.911907619	0.928571429
DU145_PROSTATE	-3.867323018	-0.860448267	-1.335090584	0.142857143
T98G_CENTRAL_NERVOUS_SYSTEM	-3.846398012	-3.163745555	-3.490013723	0.071428571
COLO783_SKIN	-3.791922639	-3.109270182	-3.43553835	0.071428571
HCC1438_LUNG	-3.569167568	-3.569167568	-3.569167568	0
HCC44_LUNG	-3.671369222	-2.200788598	-2.626946036	0.214285714
JHH5_LIVER	-3.531791206	-3.531791206	-3.531791206	0
NCIH838_LUNG	-3.987488907	-3.987488907	-3.987488907	0
BFTC905_URINARY_TRACT	-3.699563232	-0.866938832	-1.340362604	0.142857143
HEC265_ENDOMETRIUM	-3.691712173	-3.009059715	-3.335327884	0.071428571
HSC2_UPPER_AERODIGESTIVE_TRACT	-3.364853607	-1.286403893	-1.628639918	0.214285714
OC314_OVARY	-2.904070301	-1.716991219	-2.098288817	0.428571429
OE33_OESOPHAGUS	-4.120708766	-1.692422332	-2.160223378	0.142857143
FADU_UPPER_AERODIGESTIVE_TRACT	-3.916038611	-1.949545143	-2.417383764	0.071428571
MG63_BONE	-3.684815584	-0.69626385	-1.141376426	0.142857143
NB1_AUTONOMIC_GANGLIA	-2.005475172	-1.311742795	-1.55150218	0.5
SF126_CENTRAL_NERVOUS_SYSTEM	-3.37003271	-3.37003271	-3.37003271	0
SNU1066_UPPER_AERODIGESTIVE_TRACT	-3.69044995	-1.47277712	-1.809404525	0.142857143
CAL120_BREAST	-3.971903836	-3.971903836	-3.971903836	0
LXF289_LUNG	-3.809159365	-3.809159365	-3.809159365	0
MEWO_SKIN	-1.234059381	-0.293725798	-0.604149418	0.428571429
SNGM_ENDOMETRIUM	-4.079818679	-3.397166221	-3.72343439	0.071428571
TT_OESOPHAGUS	-3.987215451	-3.304562994	-3.630831162	0.071428571
ECGI10_OESOPHAGUS	-4.128944602	-3.446292145	-3.772560313	0.071428571
JMSU1_URINARY_TRACT	-1.714077449	-1.034895844	-1.283231504	0.642857143
CFPAC1_PANCREAS	-1.678509533	-1.019637018	-1.256061615	0.357142857
ACHN_KIDNEY	-2.220497897	0.110674976	-0.356290681	0.214285714
CAL51_BREAST	-0.962841142	-0.359763418	-0.587317888	0.928571429
HCC15_LUNG	-3.658223592	-0.753897206	-1.229937158	0.071428571
KMRC20_KIDNEY	-4.159736017	-3.47708356	-3.803351728	0.071428571
NCIH1648_LUNG	-4.08589078	-3.149817311	-3.536427888	0.071428571
MHHNB11_AUTONOMIC_GANGLIA	-3.031145485	-3.031145485	-3.031145485	0
K029AX_SKIN	-1.576893637	0.331470661	-0.124614683	0.5
T3M10_LUNG	-1.046410418	0.381431227	-0.043215993	0.928571429
NCIH2122_LUNG	-3.869241494	-2.873469464	-3.186589037	0.142857143
HCC95_LUNG	-4.026339276	-3.343686819	-3.669954987	0.071428571
MDAMB468_BREAST	-3.946323971	-3.263671514	-3.589939682	0.071428571
HCC1195_LUNG	-3.799995523	-3.799995523	-3.799995523	0
EN_ENDOMETRIUM	-4.19163167	-4.19163167	-4.19163167	0
TE5_OESOPHAGUS	-3.932066835	-3.249414377	-3.575682545	0.071428571
SNU668_STOMACH	-3.742784663	-3.742784663	-3.742784663	0
CORL105_LUNG	-1.892670459	-1.083371214	-1.36095411	0.285714286
GCT_SOFT_TISSUE	-4.129076167	-1.964742157	-2.42489908	0.142857143
LN18_CENTRAL_NERVOUS_SYSTEM	-3.737469663	-3.737469663	-3.737469663	0
RERFLCMS_LUNG	-3.840302551	-2.904229082	-3.290839659	0.071428571
RT112_URINARY_TRACT	-3.476060925	-1.088799303	-1.469688744	0.142857143
LOUNH91_LUNG	-3.930822734	-3.930822734	-3.930822734	0
KNS60_CENTRAL_NERVOUS_SYSTEM	-3.994539004	-3.994539004	-3.994539004	0
ISTMES2_PLEURA	-3.802234881	-3.802234881	-3.802234881	0
SW579_THYROID	-3.222618771	-3.222618771	-3.222618771	0
MDAMB231_BREAST	-4.446594008	-1.288385423	-1.673963177	0.142857143
HCC1588_LUNG	-4.129667714	-4.129667714	-4.129667714	0
HSC3_UPPER_AERODIGESTIVE_TRACT	-1.302732716	-0.721323314	-0.941714378	0.571428571
MELJUSO_SKIN	-0.604918769	0.318550966	-0.002724893	0.785714286
NCIH2030_LUNG	-2.019721475	-1.245686663	-1.486487403	0.285714286
OVCAR8_OVARY	-0.84447507	1.1854844	0.833131407	0.571428571
PC14_LUNG	-4.099056563	-1.525105179	-1.999915928	0.071428571
HEC151_ENDOMETRIUM	-4.339245974	-3.656593517	-3.982861685	0.071428571
RT4_URINARY_TRACT	-3.607532737	-3.607532737	-3.607532737	0
SKES1_BONE	-3.536262732	-1.811457545	-2.167169539	0.214285714
HT55_LARGE_INTESTINE	-4.04365455	-1.778483082	-2.242101036	0.142857143
MKN45_STOMACH	-0.783509977	0.440577789	0.15736615	1
HEP3B217_LIVER	-3.931548892	-3.931548892	-3.931548892	0
HOS_BONE	-2.799715785	-1.903057431	-2.183937941	0.357142857
HUCCT1_BILIARY_TRACT	-1.115626364	-0.40856483	-0.656835956	0.642857143
NCIH292_LUNG	-0.490658746	0.250879677	-0.005262084	0.714285714
RERFLCAI_LUNG	-3.592835322	-1.448949078	-1.911357797	0.214285714
LS180_LARGE_INTESTINE	-1.697647727	0.198930107	-0.257357071	0.857142857
SIMA_AUTONOMIC_GANGLIA	-4.049302566	-4.049302566	-4.049302566	0
CAMA1_BREAST	-3.940981532	-3.940981532	-3.940981532	0
MDAMB436_BREAST	-3.917218614	-3.917218614	-3.917218614	0
NCIH1435_LUNG	-3.873290334	-1.376525216	-1.850887995	0.071428571
SNU1196_BILIARY_TRACT	-3.749614083	-3.749614083	-3.749614083	0
SNU449_LIVER	-3.973129992	-3.973129992	-3.973129992	0
TE9_OESOPHAGUS	-3.823882622	-3.823882622	-3.823882622	0
ABC1_LUNG	-3.719943412	-0.54369591	-1.013671394	0.142857143
NCIH1373_LUNG	-4.085963423	-1.888846872	-2.350215112	0.142857143
EBC1_LUNG	-4.014171476	-4.014171476	-4.014171476	0
SKMES1_LUNG	-2.660498466	-1.075906541	-1.41407919	0.214285714
HCC56_LARGE_INTESTINE	-4.455276739	-3.772624282	-4.09889245	0.071428571
OUMS23_LARGE_INTESTINE	-4.230188366	-4.230188366	-4.230188366	0
DETROIT562_UPPER_AERODIGESTIVE_TRACT	-3.967727896	-3.285075438	-3.611343607	0.071428571
PECAPJ49_UPPER_AERODIGESTIVE_TRACT	-3.799855179	-3.117202721	-3.44347089	0.071428571
SW1088_CENTRAL_NERVOUS_SYSTEM	-3.700093398	-3.700093398	-3.700093398	0
BCPAP_THYROID	-3.152567648	-1.236640689	-1.690450782	0.142857143
HDQP1_BREAST	-3.878942837	-3.878942837	-3.878942837	0
BICR56_UPPER_AERODIGESTIVE_TRACT	-3.818402914	-3.818402914	-3.818402914	0
SNU81_LARGE_INTESTINE	-4.107225352	-2.896038283	-3.171151883	0.142857143
OSRC2_KIDNEY	-1.530390761	-0.766074578	-1.028189271	0.357142857
2313287_STOMACH	-4.034838138	-4.034838138	-4.034838138	0
NCIH2170_LUNG	-4.081729931	-3.399077473	-3.725345641	0.071428571
HUPT3_PANCREAS	-3.542076932	-3.542076932	-3.542076932	0
HCC1428_BREAST	-3.998821318	-3.998821318	-3.998821318	0
NCIH650_LUNG	-1.482597147	-0.39257902	-0.742866494	0.357142857
NCIH2110_LUNG	-4.375063929	-4.375063929	-4.375063929	0
RERFLCKJ_LUNG	-3.954167198	-3.954167198	-3.954167198	0
PANC0403_PANCREAS	-3.819343382	-1.924007432	-2.240883505	0.142857143
NCIH23_LUNG	-3.97360067	-3.97360067	-3.97360067	0
NUGC3_STOMACH	-2.1632002	-1.106416176	-1.40896099	0.285714286
KNS81_CENTRAL_NERVOUS_SYSTEM	-3.767065418	-1.690482112	-2.160382068	0.071428571
COLO800_SKIN	-1.341829678	1.047585759	0.577190096	0.5
IPC298_SKIN	-2.747678932	-1.163784356	-1.540548881	0.285714286
GP2D_LARGE_INTESTINE	-3.959156333	-3.959156333	-3.959156333	0
OE21_OESOPHAGUS	-3.819611714	-3.819611714	-3.819611714	0
KYSE140_OESOPHAGUS	-2.371304172	-1.363568813	-1.662647677	0.214285714
NCIH1693_LUNG	-4.054409661	-4.054409661	-4.054409661	0
COV644_OVARY	-2.516160745	-2.516160745	-2.516160745	0
HCC38_BREAST	-3.959156333	-3.959156333	-3.959156333	0
NCIH2452_PLEURA	-3.836190857	-3.836190857	-3.836190857	0
SW1271_LUNG	-3.812171508	-3.812171508	-3.812171508	0
HT1376_URINARY_TRACT	-3.828243443	-0.617001313	-1.093588858	0.071428571
HEC251_ENDOMETRIUM	-3.810804942	-3.810804942	-3.810804942	0
KNS42_CENTRAL_NERVOUS_SYSTEM	-1.873553083	-1.119971365	-1.377376106	0.285714286
NCIH446_LUNG	-4.00376456	-4.00376456	-4.00376456	0
WM88_SKIN	-3.922012788	-1.290214272	-1.761478862	0.142857143
COLO741_SKIN	-1.410560611	-0.442677479	-0.74894593	0.642857143
HEC108_ENDOMETRIUM	-4.008478557	-4.008478557	-4.008478557	0
MCF7_BREAST	-4.068095413	-4.068095413	-4.068095413	0
SKNAS_AUTONOMIC_GANGLIA	-2.153436462	-1.506137327	-1.744646035	0.5
TM31_CENTRAL_NERVOUS_SYSTEM	-3.762194205	-3.762194205	-3.762194205	0
JHH7_LIVER	-1.76026354	-0.803651136	-1.129647936	0.857142857
NCIH2126_LUNG	-3.718422239	-3.718422239	-3.718422239	0
MFE319_ENDOMETRIUM	-3.936700726	-1.44524736	-1.914298387	0.142857143
NCIH747_LARGE_INTESTINE	-3.994449338	-2.616165269	-3.058375869	0.071428571
SNU308_BILIARY_TRACT	-3.77546074	-3.092808282	-3.419076451	0.071428571
HUH28_BILIARY_TRACT	-3.429579665	-3.429579665	-3.429579665	0
U118MG_CENTRAL_NERVOUS_SYSTEM	-3.104519459	-3.104519459	-3.104519459	0
SNU1214_UPPER_AERODIGESTIVE_TRACT	-3.641773329	-1.273016159	-1.746437379	0.071428571
NCIH2228_LUNG	-3.481061323	-1.84787727	-2.305241822	0.071428571
NCIH2444_LUNG	-3.756492901	-3.756492901	-3.756492901	0
HEC6_ENDOMETRIUM	-3.741662662	-3.741662662	-3.741662662	0
HCC366_LUNG	-3.73159632	-3.73159632	-3.73159632	0
TE10_OESOPHAGUS	-1.167112751	-0.393867607	-0.656244225	0.428571429
UACC257_SKIN	-3.700446483	-1.683322059	-2.152172506	0.071428571
8305C_THYROID	-1.637186096	-0.855904589	-1.12503855	0.357142857
IM95_STOMACH	-4.03679479	-4.03679479	-4.03679479	0
SCC25_UPPER_AERODIGESTIVE_TRACT	-2.308883699	-0.841500716	-1.220149515	0.214285714
BICR16_UPPER_AERODIGESTIVE_TRACT	-3.67892176	-3.67892176	-3.67892176	0
ONCODG1_OVARY	-3.70308551	-3.70308551	-3.70308551	0
KALS1_CENTRAL_NERVOUS_SYSTEM	-3.680032962	-3.680032962	-3.680032962	0
SKMEL5_SKIN	-3.263094561	0.211823147	-0.182857395	0.142857143
ASPC1_PANCREAS	-1.389803728	-0.577516872	-0.851001601	0.571428571
SNU46_UPPER_AERODIGESTIVE_TRACT	-3.576271781	-3.576271781	-3.576271781	0
769P_KIDNEY	-4.215400414	-3.279326945	-3.665937522	0.071428571
NCIH841_LUNG	-3.762958943	-3.080306486	-3.406574654	0.071428571
SKMEL24_SKIN	-1.13413376	-0.404476201	-0.675319837	0.5
SNU1041_UPPER_AERODIGESTIVE_TRACT	-1.243014057	-0.187562218	-0.476881405	0.5
WM793_SKIN	-3.730609661	-1.764116193	-2.231954813	0.071428571
COV362_OVARY	-3.516969237	-0.685972061	-1.072505055	0.142857143
ISTMES1_PLEURA	-3.538760717	-2.85610826	-3.182376428	0.071428571
PANC0327_PANCREAS	-3.472496244	-3.472496244	-3.472496244	0
UACC62_SKIN	-3.238753795	-1.074419786	-1.513276313	0.142857143
UBLC1_URINARY_TRACT	-3.420597383	-3.420597383	-3.420597383	0
HCC1937_BREAST	-3.352697147	-3.352697147	-3.352697147	0
MALME3M_SKIN	-2.183200079	-1.22325249	-1.503620737	0.285714286
TUHR4TKB_KIDNEY	-3.35387463	-3.35387463	-3.35387463	0
NCIH1915_LUNG	-1.30464402	-0.036553391	-0.421544707	0.5
CAPAN2_PANCREAS	-3.609060023	-3.609060023	-3.609060023	0
NCIH1623_LUNG	-3.45141133	-3.45141133	-3.45141133	0
SNU719_STOMACH	-3.292058257	-3.292058257	-3.292058257	0
SNU869_BILIARY_TRACT	-3.624885404	-3.624885404	-3.624885404	0
CAL78_BONE	-3.187856665	-3.187856665	-3.187856665	0
NCIH1355_LUNG	-3.063798505	-1.552857083	-1.895479687	0.214285714
RMUGS_OVARY	-3.923810236	-3.923810236	-3.923810236	0
S117_SOFT_TISSUE	-3.740537754	-3.740537754	-3.740537754	0
MDAMB435S_SKIN	-1.790544977	-0.924253318	-1.206475209	0.357142857
HS294T_SKIN	-3.863945155	-1.472178041	-1.787361849	0.142857143
TCCPAN2_PANCREAS	-3.973882832	-3.973882832	-3.973882832	0
SNB75_CENTRAL_NERVOUS_SYSTEM	-2.709196125	-0.643070523	-1.020134386	0.214285714
NCIH2009_LUNG	-3.753535858	-3.753535858	-3.753535858	0
NCIH1650_LUNG	-3.839534568	-3.839534568	-3.839534568	0
DV90_LUNG	-3.947923953	-3.265271495	-3.591539664	0.071428571
WM1799_SKIN	-1.214305628	-0.453758869	-0.726089291	0.5
WM2664_SKIN	-0.087040914	1.412041064	0.978751841	0.785714286
SNU410_PANCREAS	-3.770232712	-3.770232712	-3.770232712	0
OVISE_OVARY	-3.711029403	-1.590451058	-1.986224215	0.214285714
HCC1143_BREAST	-3.902177553	-3.902177553	-3.902177553	0
SNU1105_CENTRAL_NERVOUS_SYSTEM	-3.760199562	-3.760199562	-3.760199562	0
RCC10RGB_KIDNEY	-3.613394336	-3.613394336	-3.613394336	0
RERFLCAD1_LUNG	-3.444467521	-3.444467521	-3.444467521	0
NCIH226_LUNG	-3.797321201	-3.797321201	-3.797321201	0
SKMEL2_SKIN	-3.322172094	-3.322172094	-3.322172094	0
DKMG_CENTRAL_NERVOUS_SYSTEM	-3.466791638	-3.466791638	-3.466791638	0
CAOV3_OVARY	-3.764332087	-3.764332087	-3.764332087	0
IALM_LUNG	-3.362413313	-3.362413313	-3.362413313	0
NCIH2347_LUNG	-3.738117381	-2.239462534	-2.689870082	0.071428571
SKMEL3_SKIN	-2.98419601	-2.98419601	-2.98419601	0
SQ1_LUNG	-3.697968839	-3.697968839	-3.697968839	0
UMUC1_URINARY_TRACT	-3.374167089	-3.374167089	-3.374167089	0
LS1034_LARGE_INTESTINE	-3.46070472	-3.46070472	-3.46070472	0
COV434_OVARY	-3.51508041	-3.51508041	-3.51508041	0
CCFSTTG1_CENTRAL_NERVOUS_SYSTEM	-3.798167504	-1.326766021	-1.699026868	0.142857143
COLO680N_OESOPHAGUS	-1.18505178	-0.550043864	-0.786801151	0.642857143
SW900_LUNG	-3.831257114	-1.0475793	-1.523273559	0.071428571
SH10TC_STOMACH	-3.570055811	-1.462566022	-1.840692794	0.214285714
BT549_BREAST	-3.188430749	-3.188430749	-3.188430749	0
BICR6_UPPER_AERODIGESTIVE_TRACT	-2.258080671	-0.799468714	-1.196203197	0.214285714
BICR31_UPPER_AERODIGESTIVE_TRACT	-3.340743334	-3.340743334	-3.340743334	0
LNCAPCLONEFGC_PROSTATE	-3.597360405	-3.597360405	-3.597360405	0
TEN_ENDOMETRIUM	-3.289792762	-3.289792762	-3.289792762	0
RCM1_LARGE_INTESTINE	-4.031804255	-4.031804255	-4.031804255	0
SNU1079_BILIARY_TRACT	-3.874237542	-3.874237542	-3.874237542	0
BT474_BREAST	-3.767216766	-3.767216766	-3.767216766	0
EFO21_OVARY	-3.721122874	-3.038470417	-3.364738585	0.071428571
OV56_OVARY	-3.59780767	-3.59780767	-3.59780767	0
MDAMB175VII_BREAST	-3.658806669	-3.658806669	-3.658806669	0
TT_THYROID	-3.563399322	-3.563399322	-3.563399322	0
PANC0813_PANCREAS	-4.206521946	-4.206521946	-4.206521946	0
TM87_SOFT_TISSUE	-2.351790917	-0.755087654	-1.168465929	0.5
MON_SOFT_TISSUE	-2.948821359	-2.948821359	-2.948821359	0
SKNEP1_BONE	-3.795481866	-3.795481866	-3.795481866	0
EWS502_BONE	-3.513997381	-3.513997381	-3.513997381	0