Cell_line	CI.05	CI.95	mean	penetrance
KYSE510_OESOPHAGUS	-3.563911418	-2.524685257	-2.814372739	0.285714286
8505C_THYROID	-1.268478484	-0.861438386	-1.026910062	1
GI1_CENTRAL_NERVOUS_SYSTEM	-3.623834097	-3.623834097	-3.623834097	0
A549_LUNG	-0.427904217	-0.123382093	-0.260313072	1
LU99_LUNG	1.007221719	1.233565421	1.12967212	1
CAL29_URINARY_TRACT	-3.94752451	-3.94752451	-3.94752451	0
5637_URINARY_TRACT	-3.751187045	-3.751187045	-3.751187045	0
SW948_LARGE_INTESTINE	-4.303123683	-3.849872157	-4.09543878	0.071428571
NCIH1339_LUNG	-4.036306453	-4.036306453	-4.036306453	0
HEC1A_ENDOMETRIUM	-1.379183764	-0.511129213	-0.818927467	0.857142857
SNU840_OVARY	-3.844375683	-3.844375683	-3.844375683	0
HCC827_LUNG	-3.732908389	-3.732908389	-3.732908389	0
GAMG_CENTRAL_NERVOUS_SYSTEM	-3.941488353	-3.941488353	-3.941488353	0
NCIH1437_LUNG	-3.850061252	-1.653870984	-2.068349108	0.214285714
GB1_CENTRAL_NERVOUS_SYSTEM	-4.055034096	-3.132918611	-3.516868859	0.071428571
NCIH322_LUNG	-3.987580021	-3.987580021	-3.987580021	0
SNUC2A_LARGE_INTESTINE	-1.633314602	-1.191010314	-1.383324302	1
CORL23_LUNG	-0.40234041	0.112700935	-0.095576799	0.928571429
SNU761_LIVER	-3.842471158	-2.920355673	-3.30430592	0.071428571
NCIN87_STOMACH	-3.584646224	-3.584646224	-3.584646224	0
RERFLCAD2_LUNG	-3.719774656	-3.719774656	-3.719774656	0
HCC1806_BREAST	-1.756572218	-1.444195271	-1.577782086	0.857142857
NCIH1793_LUNG	-3.794061674	-3.794061674	-3.794061674	0
MESSA_SOFT_TISSUE	-3.952293749	-3.952293749	-3.952293749	0
NCIH1975_LUNG	-3.923915736	-3.109755451	-3.47066421	0.071428571
MFE296_ENDOMETRIUM	-1.389006453	-0.645724477	-0.902371626	0.428571429
KYSE270_OESOPHAGUS	-1.03162078	-0.504950117	-0.707552645	0.857142857
KYSE150_OESOPHAGUS	-2.62032681	-0.995999629	-1.396433342	0.5
PSN1_PANCREAS	0.109478101	0.922422495	0.648782491	0.785714286
OC316_OVARY	-2.194006574	-0.988239358	-1.331620727	0.5
CAL27_UPPER_AERODIGESTIVE_TRACT	-4.2278894	-4.2278894	-4.2278894	0
A172_CENTRAL_NERVOUS_SYSTEM	-2.87297589	-2.059191073	-2.327618114	0.5
TE11_OESOPHAGUS	-2.39525469	-1.640895301	-1.897732187	0.428571429
BC3C_URINARY_TRACT	-3.901733716	-3.901733716	-3.901733716	0
ESS1_ENDOMETRIUM	-3.643788621	-3.643788621	-3.643788621	0
HS944T_SKIN	-0.927175145	-0.501286782	-0.672120767	0.785714286
NCIH2023_LUNG	-3.888088654	-3.888088654	-3.888088654	0
RH30_SOFT_TISSUE	-1.732257659	-0.923690516	-1.19362115	0.428571429
8MGBA_CENTRAL_NERVOUS_SYSTEM	-1.320865867	-0.52811538	-0.786706429	0.714285714
MPP89_PLEURA	-3.660937942	-2.373234025	-2.807734094	0.071428571
GCIY_STOMACH	-4.050013295	-4.050013295	-4.050013295	0
SNU213_PANCREAS	-3.763874854	-3.763874854	-3.763874854	0
SF539_CENTRAL_NERVOUS_SYSTEM	-3.531791206	-3.531791206	-3.531791206	0
YD8_UPPER_AERODIGESTIVE_TRACT	-3.881741737	-3.881741737	-3.881741737	0
HARA_LUNG	-1.407075579	-0.540015941	-0.842347061	0.642857143
MHHES1_BONE	-0.203147046	0.717263754	0.372084968	0.928571429
MELHO_SKIN	-0.332686234	0.558806141	0.260046546	0.714285714
U251MG_CENTRAL_NERVOUS_SYSTEM	-3.854022892	-3.039862607	-3.400771365	0.071428571
JIMT1_BREAST	-2.519515231	-1.804394421	-2.050192538	0.357142857
PANC1005_PANCREAS	-3.833471246	-3.833471246	-3.833471246	0
NCIH1703_LUNG	-2.824085197	-1.381838201	-1.788088916	0.214285714
KYSE410_OESOPHAGUS	-3.707448561	-2.785333076	-3.169283324	0.071428571
HT144_SKIN	-3.269232511	-0.96553948	-1.428473633	0.214285714
SNU601_STOMACH	-3.583723665	-3.583723665	-3.583723665	0
LS411N_LARGE_INTESTINE	-3.950015023	-3.950015023	-3.950015023	0
U2OS_BONE	-3.554847537	-3.554847537	-3.554847537	0
22RV1_PROSTATE	-3.285850176	-2.14638779	-2.438388895	0.214285714
OE19_OESOPHAGUS	-3.980970466	-3.980970466	-3.980970466	0
SH4_SKIN	-3.592183472	-3.592183472	-3.592183472	0
NCIH661_LUNG	-3.981894497	-2.973387343	-3.372733689	0.071428571
LC1SQSF_LUNG	-3.841707003	-3.841707003	-3.841707003	0
JHH1_LIVER	-3.809159365	-3.809159365	-3.809159365	0
NCIH28_PLEURA	-3.423945854	-3.423945854	-3.423945854	0
GMS10_CENTRAL_NERVOUS_SYSTEM	-3.684449554	-3.684449554	-3.684449554	0
HEYA8_OVARY	1.108921128	1.547276587	1.365586639	1
RKO_LARGE_INTESTINE	-2.908851131	-0.57512607	-0.921194967	0.357142857
CAL62_THYROID	-2.732165278	-1.764899711	-2.052580204	0.428571429
HLF_LIVER	-3.322593535	-2.126237562	-2.55133674	0.071428571
T24_URINARY_TRACT	-3.913884902	-3.913884902	-3.913884902	0
ES2_OVARY	1.906192844	2.142878074	2.037921834	1
YD15_SALIVARY_GLAND	-3.66612533	-1.977450692	-2.437138086	0.071428571
KYSE70_OESOPHAGUS	-4.008565372	-2.812209399	-3.237308578	0.071428571
KP4_PANCREAS	0.038554226	1.284054412	0.90283817	0.928571429
A2780_OVARY	1.889234287	2.249821164	2.099012937	1
AGS_STOMACH	-2.952395466	-2.369835956	-2.586289313	0.5
ISHIKAWAHERAKLIO02ER_ENDOMETRIUM	-4.021984571	-3.568733045	-3.814299668	0.071428571
HGC27_STOMACH	-3.645394147	-3.645394147	-3.645394147	0
647V_URINARY_TRACT	-3.258302961	-2.606981731	-2.843476003	0.357142857
CAL12T_LUNG	-3.778420169	-2.676310198	-2.964259884	0.142857143
L33_PANCREAS	-3.010841795	-1.556359126	-1.975722947	0.357142857
SF295_CENTRAL_NERVOUS_SYSTEM	-3.617044793	-3.617044793	-3.617044793	0
UO31_KIDNEY	-3.751814638	-3.751814638	-3.751814638	0
YD10B_UPPER_AERODIGESTIVE_TRACT	-3.910851653	-3.910851653	-3.910851653	0
DMS273_LUNG	1.461424974	1.773727861	1.635399488	1
G361_SKIN	-0.748877181	0.139665627	-0.169374373	0.642857143
OAW42_OVARY	-3.610798943	-3.610798943	-3.610798943	0
HMC18_BREAST	-0.813210793	-0.451997945	-0.601521141	0.857142857
CAL54_KIDNEY	-3.424612461	-3.424612461	-3.424612461	0
MIAPACA2_PANCREAS	-3.093028551	-2.490171295	-2.706471436	0.357142857
SW620_LARGE_INTESTINE	-2.808363619	-2.087555316	-2.33576094	0.5
SKHEP1_LIVER	0.529504502	0.884278544	0.729160528	1
SW480_LARGE_INTESTINE	-4.022825413	-3.484660175	-3.675227016	0.142857143
YKG1_CENTRAL_NERVOUS_SYSTEM	-3.98584558	-3.98584558	-3.98584558	0
J82_URINARY_TRACT	-3.788478117	-1.985395736	-2.449058837	0.071428571
KYSE30_OESOPHAGUS	-3.289167849	-2.254512858	-2.562568937	0.214285714
NCIH2172_LUNG	-2.942103473	-1.44899706	-1.876042699	0.357142857
G401_SOFT_TISSUE	-3.570835643	-2.900670881	-3.223237246	0.071428571
SNU407_LARGE_INTESTINE	-0.542276181	0.049995808	-0.180089333	0.642857143
AN3CA_ENDOMETRIUM	-3.476215027	-1.22733307	-1.685103635	0.214285714
PLCPRF5_LIVER	-3.712627015	-3.712627015	-3.712627015	0
YAPC_PANCREAS	-3.561343942	-2.429609566	-2.735162847	0.214285714
SCABER_URINARY_TRACT	-3.800276075	-3.800276075	-3.800276075	0
G292CLONEA141B1_BONE	-3.433839094	-3.433839094	-3.433839094	0
JHH4_LIVER	-3.714510416	-3.714510416	-3.714510416	0
HS766T_PANCREAS	-0.883222838	-0.441847066	-0.620347644	1
SW837_LARGE_INTESTINE	-3.887630175	-3.887630175	-3.887630175	0
KURAMOCHI_OVARY	-3.799995523	-3.799995523	-3.799995523	0
YH13_CENTRAL_NERVOUS_SYSTEM	-3.301888387	-3.301888387	-3.301888387	0
NCIH2052_PLEURA	-3.363181296	-3.363181296	-3.363181296	0
COLO679_SKIN	-3.737145442	-3.737145442	-3.737145442	0
A704_KIDNEY	-3.573207546	-3.573207546	-3.573207546	0
NCIH596_LUNG	-3.533608884	-3.533608884	-3.533608884	0
KP3_PANCREAS	-3.864337603	-2.261089261	-2.679027084	0.214285714
SKUT1_SOFT_TISSUE	-1.333520357	-0.089059563	-0.457231324	0.714285714
42MGBA_CENTRAL_NERVOUS_SYSTEM	-3.913560923	-3.099400638	-3.460309396	0.071428571
A375_SKIN	0.941214809	1.191287174	1.080321788	1
FTC133_THYROID	-3.484832311	-2.709764246	-2.97922686	0.214285714
HT1080_SOFT_TISSUE	1.539831075	2.263108462	1.983673711	1
SNU1077_ENDOMETRIUM	-3.475764983	-3.475764983	-3.475764983	0
JHOC5_OVARY	-3.776054241	-3.776054241	-3.776054241	0
NCIH1299_LUNG	-3.281470994	-0.723279026	-1.194730878	0.357142857
PANC1_PANCREAS	-2.327597261	-1.048958495	-1.451799049	0.571428571
SNU1076_UPPER_AERODIGESTIVE_TRACT	-3.355439657	-3.355439657	-3.355439657	0
IGR37_SKIN	1.022648534	1.367792125	1.219982485	1
JHH6_LIVER	-3.919675581	-3.919675581	-3.919675581	0
NCIH460_LUNG	1.274418969	1.580381049	1.444011781	1
SJSA1_BONE	-1.69912167	-0.267801937	-0.684467061	0.642857143
A2058_SKIN	0.917384339	1.183411194	1.065499153	1
ACCMESO1_PLEURA	-3.69081096	-3.69081096	-3.69081096	0
VMCUB1_URINARY_TRACT	-3.920633232	-3.920633232	-3.920633232	0
YD38_UPPER_AERODIGESTIVE_TRACT	-4.038823639	-4.038823639	-4.038823639	0
BFTC909_KIDNEY	-4.330648235	-4.330648235	-4.330648235	0
DAOY_CENTRAL_NERVOUS_SYSTEM	-4.267325048	-4.267325048	-4.267325048	0
EFO27_OVARY	-3.876831761	-3.876831761	-3.876831761	0
IGR1_SKIN	-0.144990183	0.308016523	0.129895533	0.928571429
LI7_LIVER	-3.757112879	-3.757112879	-3.757112879	0
OVK18_OVARY	-2.786915621	-1.525566472	-1.877903209	0.214285714
SBC5_LUNG	-0.218869954	0.557708889	0.30571102	0.714285714
TOV112D_OVARY	-3.865033764	-3.865033764	-3.865033764	0
KELLY_AUTONOMIC_GANGLIA	-3.624254925	-3.171003399	-3.416570022	0.071428571
PATU8902_PANCREAS	-2.629385101	-1.387627816	-1.759612002	0.285714286
TT2609C02_THYROID	-4.107432801	-4.107432801	-4.107432801	0
QGP1_PANCREAS	-2.108744412	-1.360841293	-1.612209696	0.357142857
SW1710_URINARY_TRACT	-4.108744349	-4.108744349	-4.108744349	0
BECKER_CENTRAL_NERVOUS_SYSTEM	-3.82014788	-3.82014788	-3.82014788	0
NCIH520_LUNG	-1.103904944	-0.173478113	-0.445323418	0.642857143
SNU685_ENDOMETRIUM	-3.810120042	-3.810120042	-3.810120042	0
SW1353_BONE	-3.409015511	-3.409015511	-3.409015511	0
A101D_SKIN	-1.124424045	0.047350674	-0.337992637	0.785714286
BHT101_THYROID	-0.653241021	0.121501249	-0.135593277	0.571428571
HEC1B_ENDOMETRIUM	-0.443246561	-0.002040953	-0.184267158	1
SNU61_LARGE_INTESTINE	-3.890829412	-3.890829412	-3.890829412	0
SNU886_LIVER	-3.593539937	-3.593539937	-3.593539937	0
SW1573_LUNG	-1.042492389	-0.633925312	-0.803239237	0.928571429
G402_SOFT_TISSUE	-4.243277472	-3.790025946	-4.035592569	0.071428571
PECAPJ15_UPPER_AERODIGESTIVE_TRACT	-4.019959884	-4.019959884	-4.019959884	0
RL952_ENDOMETRIUM	-3.716481248	-2.585351224	-2.868511322	0.285714286
CADOES1_BONE	-0.211766391	0.413613843	0.187392671	0.785714286
COLO668_LUNG	-3.284766678	-3.284766678	-3.284766678	0
LS513_LARGE_INTESTINE	-4.167149647	-4.167149647	-4.167149647	0
RMGI_OVARY	-3.922648031	-2.914140877	-3.313487223	0.071428571
VMRCRCW_KIDNEY	-4.056280279	-3.603028753	-3.848595376	0.071428571
CAKI1_KIDNEY	-4.06022879	-4.06022879	-4.06022879	0
OV7_OVARY	-2.993282	-2.993282	-2.993282	0
BEN_LUNG	-3.683166014	-3.683166014	-3.683166014	0
MKN1_STOMACH	-3.759737956	-3.759737956	-3.759737956	0
LCLC103H_LUNG	-0.880033669	0.142622001	-0.149885856	0.428571429
NCIH1573_LUNG	-3.855507238	-3.855507238	-3.855507238	0
DBTRG05MG_CENTRAL_NERVOUS_SYSTEM	-3.873645779	-2.731352012	-3.150000181	0.071428571
PECAPJ41CLONED2_UPPER_AERODIGESTIVE_TRACT	-3.661903256	-3.661903256	-3.661903256	0
HCC4006_LUNG	-2.332750842	-1.479629014	-1.75747423	0.571428571
NCIH1581_LUNG	-3.504957813	-0.206199085	-0.649687038	0.142857143
CALU1_LUNG	-2.999530949	-0.868271328	-1.321903326	0.142857143
NUGC4_STOMACH	-3.702031823	-2.887871538	-3.248780296	0.071428571
NCIH1563_LUNG	-4.057677974	-4.057677974	-4.057677974	0
JHUEM2_ENDOMETRIUM	-1.015627994	0.138763926	-0.239227938	0.714285714
JHOM1_OVARY	-4.184048558	-3.513883797	-3.836450161	0.071428571
SKOV3_OVARY	-3.828506333	-3.014346048	-3.375254807	0.071428571
SKNBE2_AUTONOMIC_GANGLIA	-3.968870777	-2.153394581	-2.617430674	0.071428571
LUDLU1_LUNG	-3.857355564	-3.857355564	-3.857355564	0
HCC1359_LUNG	-4.003501165	-4.003501165	-4.003501165	0
PK1_PANCREAS	-3.097777105	-2.008298292	-2.348873155	0.214285714
SNU466_CENTRAL_NERVOUS_SYSTEM	-3.944315669	-3.944315669	-3.944315669	0
SKLU1_LUNG	-3.805433862	-2.187695757	-2.576446618	0.142857143
NCIH1838_LUNG	-4.142991866	-4.142991866	-4.142991866	0
SNU245_BILIARY_TRACT	-4.235883094	-4.235883094	-4.235883094	0
MKN74_STOMACH	-2.865540749	-2.023784038	-2.301395022	0.285714286
KYSE180_OESOPHAGUS	-3.522837856	-2.709363986	-3.017232405	0.214285714
KMRC1_KIDNEY	-4.118759898	-4.118759898	-4.118759898	0
CALU6_LUNG	-1.244374929	-0.815240149	-0.985674106	0.785714286
GOS3_CENTRAL_NERVOUS_SYSTEM	-4.059302953	-4.059302953	-4.059302953	0
HUH6_LIVER	-3.707101126	-3.707101126	-3.707101126	0
PK59_PANCREAS	-3.818133835	-3.818133835	-3.818133835	0
TCCSUP_URINARY_TRACT	-3.860174474	-3.860174474	-3.860174474	0
HS939T_SKIN	-1.777327244	-1.434281651	-1.577464903	0.785714286
TOV21G_OVARY	-3.296993729	-2.127584234	-2.483519859	0.214285714
OVTOKO_OVARY	-3.958474934	-3.958474934	-3.958474934	0
TE1_OESOPHAGUS	-3.547631937	-3.094380411	-3.339947034	0.071428571
DANG_PANCREAS	-1.00059712	-0.706530244	-0.847442047	1
LMSU_STOMACH	-3.51508041	-2.844915649	-3.167482014	0.071428571
MSTO211H_PLEURA	-3.886021675	-3.886021675	-3.886021675	0
T47D_BREAST	-4.173252246	-3.72000072	-3.965567343	0.071428571
PC3_PROSTATE	-3.17362462	-2.52274283	-2.754976451	0.357142857
VMRCRCZ_KIDNEY	-3.544610746	-3.544610746	-3.544610746	0
RVH421_SKIN	-3.106827355	-1.904163811	-2.267408719	0.285714286
JHOS2_OVARY	-4.093381285	-4.093381285	-4.093381285	0
HS852T_SKIN	-3.62509536	-3.62509536	-3.62509536	0
SNU738_CENTRAL_NERVOUS_SYSTEM	-3.784279205	-3.114114443	-3.436680808	0.071428571
SKMEL30_SKIN	-3.788766207	-3.788766207	-3.788766207	0
NCIH522_LUNG	-4.192143911	-4.192143911	-4.192143911	0
PATU8988S_PANCREAS	-4.215076797	-4.215076797	-4.215076797	0
MFE280_ENDOMETRIUM	-3.986759307	-3.986759307	-3.986759307	0
OVSAHO_OVARY	-3.794630308	-3.794630308	-3.794630308	0
SNUC4_LARGE_INTESTINE	-4.08707644	-3.0657741	-3.40573629	0.214285714
KPL1_BREAST	-3.377493267	-2.656741645	-2.889412924	0.285714286
KYSE520_OESOPHAGUS	-3.779156885	-3.779156885	-3.779156885	0
COLO792_SKIN	-3.956522167	-3.956522167	-3.956522167	0
SW1990_PANCREAS	-3.726972609	-3.726972609	-3.726972609	0
HS729_SOFT_TISSUE	-3.856863446	-3.856863446	-3.856863446	0
TE6_OESOPHAGUS	-3.893326669	-2.859460669	-3.122069874	0.142857143
NCIH727_LUNG	-4.037850974	-1.788412759	-2.26067059	0.071428571
PANC0203_PANCREAS	-3.922436386	-3.46918486	-3.714751483	0.071428571
NCIH358_LUNG	-3.662866428	-2.540199966	-2.809662581	0.142857143
HEC59_ENDOMETRIUM	-2.161249354	-1.480006226	-1.720603592	0.785714286
HCC1419_BREAST	-3.876125782	-3.876125782	-3.876125782	0
NCIH1792_LUNG	-3.604682018	-3.604682018	-3.604682018	0
NCIH1048_LUNG	-4.187396851	-2.942969595	-3.298371797	0.142857143
NCIH1568_LUNG	-2.866933367	-2.361694588	-2.550231435	0.428571429
EFM192A_BREAST	-3.735683443	-3.735683443	-3.735683443	0
MKN7_STOMACH	-3.804184891	-3.804184891	-3.804184891	0
SNU423_LIVER	-3.751500955	-3.751500955	-3.751500955	0
PK45H_PANCREAS	-4.01536953	-2.873075763	-3.201209245	0.142857143
ZR751_BREAST	-4.301844204	-4.301844204	-4.301844204	0
KMRC3_KIDNEY	-4.0841437	-4.0841437	-4.0841437	0
RD_SOFT_TISSUE	-0.327252802	0.317665958	0.086418254	1
NCIH2077_LUNG	0.050865313	0.651695255	0.431173928	1
CL34_LARGE_INTESTINE	-4.390934182	-4.390934182	-4.390934182	0
NCIH2087_LUNG	-3.62989655	-3.62989655	-3.62989655	0
NCIH1944_LUNG	-3.902731712	-3.902731712	-3.902731712	0
253JBV_URINARY_TRACT	-3.910960349	-3.910960349	-3.910960349	0
786O_KIDNEY	-3.778272675	-3.778272675	-3.778272675	0
IGROV1_OVARY	-2.708048609	-1.94384665	-2.216053284	0.428571429
LOVO_LARGE_INTESTINE	-3.756803	-2.942642715	-3.303551474	0.071428571
LOXIMVI_SKIN	0.769929625	1.550367888	1.298883353	1
SW48_LARGE_INTESTINE	-3.077972971	-3.077972971	-3.077972971	0
HPAC_PANCREAS	-2.75302702	-2.27814896	-2.46724005	0.642857143
BXPC3_PANCREAS	-3.932687551	-3.932687551	-3.932687551	0
HUH7_LIVER	-3.91063418	-3.91063418	-3.91063418	0
KP2_PANCREAS	-3.590368237	-3.590368237	-3.590368237	0
FTC238_THYROID	-3.492889403	-3.039637877	-3.2852045	0.071428571
H4_CENTRAL_NERVOUS_SYSTEM	-3.335459386	-3.335459386	-3.335459386	0
KMBC2_URINARY_TRACT	-3.792966167	-2.631730972	-2.998270796	0.285714286
ONS76_CENTRAL_NERVOUS_SYSTEM	-3.925810383	-3.925810383	-3.925810383	0
PATU8988T_PANCREAS	-0.409901497	0.156671987	-0.062395121	1
253J_URINARY_TRACT	-3.90472085	-3.90472085	-3.90472085	0
639V_URINARY_TRACT	-4.171585544	-4.171585544	-4.171585544	0
CHL1_SKIN	-0.582885048	-0.228050418	-0.374682594	0.857142857
HCT116_LARGE_INTESTINE	-1.377214706	-0.489147351	-0.828993521	0.928571429
KU1919_URINARY_TRACT	0.017388616	0.501298256	0.311807681	1
HCT15_LARGE_INTESTINE	-4.295748275	-3.153454508	-3.572102676	0.071428571
HT29_LARGE_INTESTINE	-2.127724275	-1.34410353	-1.621422393	0.571428571
MCAS_OVARY	-1.748551952	-0.831023675	-1.107633022	0.571428571
SUIT2_PANCREAS	0.186724867	0.449186236	0.329239131	1
TE8_OESOPHAGUS	-3.994180231	-2.913648307	-3.270534633	0.142857143
CJM_SKIN	-3.484846683	-1.929127261	-2.382736712	0.071428571
SNU398_LIVER	-3.901178281	-0.631478978	-1.064122279	0.142857143
SNUC5_LARGE_INTESTINE	-2.047862345	-0.554964708	-0.986992527	0.5
NCIH1651_LUNG	-3.519653389	-2.377359622	-2.796007791	0.071428571
HCC78_LUNG	-3.991299328	-3.991299328	-3.991299328	0
LK2_LUNG	-0.180969265	0.400979959	0.176772604	1
SW780_URINARY_TRACT	-3.637918319	-1.983265232	-2.441562346	0.071428571
TE4_OESOPHAGUS	-2.917860903	-2.917860903	-2.917860903	0
RKN_SOFT_TISSUE	-2.664804046	-2.094917094	-2.310647507	0.428571429
WM983B_SKIN	-2.902981267	-2.288809799	-2.504540212	0.357142857
KNS62_LUNG	-3.398533236	-3.398533236	-3.398533236	0
LN229_CENTRAL_NERVOUS_SYSTEM	-1.796712145	-1.127692893	-1.376928759	0.714285714
A673_BONE	0.90359332	1.333293443	1.159752972	1
DU145_PROSTATE	-3.197158256	-2.319074765	-2.60798588	0.214285714
T98G_CENTRAL_NERVOUS_SYSTEM	-3.846398012	-3.846398012	-3.846398012	0
COLO783_SKIN	-3.791922639	-2.711390715	-3.121757877	0.071428571
HCC1438_LUNG	-3.569167568	-3.569167568	-3.569167568	0
HCC44_LUNG	-2.848681167	-1.832546856	-2.17708646	0.357142857
JHH5_LIVER	-3.531791206	-3.531791206	-3.531791206	0
NCIH838_LUNG	-3.987488907	-3.987488907	-3.987488907	0
BFTC905_URINARY_TRACT	-3.699563232	-3.699563232	-3.699563232	0
HEC265_ENDOMETRIUM	-2.530639906	-1.070569514	-1.445283312	0.357142857
HSC2_UPPER_AERODIGESTIVE_TRACT	-3.914316499	-3.914316499	-3.914316499	0
OC314_OVARY	-2.322450933	-1.41186468	-1.721966031	0.571428571
OE33_OESOPHAGUS	-4.120708766	-4.120708766	-4.120708766	0
FADU_UPPER_AERODIGESTIVE_TRACT	-3.245873849	-2.530412092	-2.773744844	0.285714286
MG63_BONE	-3.684815584	-3.684815584	-3.684815584	0
NB1_AUTONOMIC_GANGLIA	0.074107648	0.652767801	0.426410824	1
SF126_CENTRAL_NERVOUS_SYSTEM	-3.37003271	-3.37003271	-3.37003271	0
SNU1066_UPPER_AERODIGESTIVE_TRACT	-3.69044995	-3.69044995	-3.69044995	0
CAL120_BREAST	-3.971903836	-3.971903836	-3.971903836	0
LXF289_LUNG	-3.809159365	-3.809159365	-3.809159365	0
MEWO_SKIN	-1.79690679	-1.065529671	-1.317999754	0.857142857
SNGM_ENDOMETRIUM	-2.883462706	-2.037844383	-2.330183658	0.5
TT_OESOPHAGUS	-3.987215451	-3.987215451	-3.987215451	0
ECGI10_OESOPHAGUS	-4.128944602	-4.128944602	-4.128944602	0
JMSU1_URINARY_TRACT	0.347824955	0.923331868	0.688366529	1
CFPAC1_PANCREAS	-3.872103412	-3.100846618	-3.333938175	0.142857143
ACHN_KIDNEY	-0.702835699	-0.353113885	-0.50028415	0.928571429
CAL51_BREAST	-4.162728847	-2.372404388	-2.835672608	0.071428571
HCC15_LUNG	-3.658223592	-3.658223592	-3.658223592	0
KMRC20_KIDNEY	-4.159736017	-4.159736017	-4.159736017	0
NCIH1648_LUNG	-3.878205877	-1.132569172	-1.605775761	0.214285714
MHHNB11_AUTONOMIC_GANGLIA	-3.031145485	-3.031145485	-3.031145485	0
K029AX_SKIN	-3.583522376	-1.606315634	-2.032195005	0.214285714
T3M10_LUNG	1.002170555	1.476528617	1.291539326	1
NCIH2122_LUNG	-3.869241494	-3.199076733	-3.521643098	0.071428571
HCC95_LUNG	-4.026339276	-4.026339276	-4.026339276	0
MDAMB468_BREAST	-3.946323971	-2.43749038	-2.804030204	0.142857143
HCC1195_LUNG	-3.799995523	-3.799995523	-3.799995523	0
EN_ENDOMETRIUM	-4.19163167	-4.19163167	-4.19163167	0
TE5_OESOPHAGUS	-3.932066835	-3.932066835	-3.932066835	0
SNU668_STOMACH	-1.993149642	-1.236166023	-1.494848518	0.357142857
CORL105_LUNG	-2.189658952	-1.289492946	-1.560949228	0.428571429
GCT_SOFT_TISSUE	-1.641098515	-0.844742493	-1.124359313	0.714285714
LN18_CENTRAL_NERVOUS_SYSTEM	-3.737469663	-3.737469663	-3.737469663	0
RERFLCMS_LUNG	-1.484940934	-0.569031854	-0.849776696	0.285714286
RT112_URINARY_TRACT	-3.476060925	-1.636810233	-2.090434406	0.142857143
LOUNH91_LUNG	-3.930822734	-3.477571208	-3.723137831	0.071428571
KNS60_CENTRAL_NERVOUS_SYSTEM	-3.994539004	-3.994539004	-3.994539004	0
ISTMES2_PLEURA	-3.802234881	-3.802234881	-3.802234881	0
SW579_THYROID	-3.222618771	-1.978191516	-2.408458486	0.071428571
MDAMB231_BREAST	-3.029276863	-2.220251293	-2.489823532	0.642857143
HCC1588_LUNG	-4.129667714	-4.129667714	-4.129667714	0
HSC3_UPPER_AERODIGESTIVE_TRACT	-3.985571086	-3.063455601	-3.447405849	0.071428571
MELJUSO_SKIN	-1.87670077	-0.424324454	-0.836730002	0.785714286
NCIH2030_LUNG	-3.83838004	-1.987712989	-2.452753521	0.071428571
OVCAR8_OVARY	-0.867925905	-0.422199326	-0.594873515	0.857142857
PC14_LUNG	-2.349421542	-1.717478736	-1.94479587	0.571428571
HEC151_ENDOMETRIUM	-2.911859141	-1.896868963	-2.228130613	0.5
RT4_URINARY_TRACT	-3.607532737	-3.607532737	-3.607532737	0
SKES1_BONE	-0.84221564	0.21132843	-0.138084858	0.357142857
HT55_LARGE_INTESTINE	-2.445621432	-1.634229911	-1.906529452	0.428571429
MKN45_STOMACH	-1.990965015	-1.067532945	-1.373355954	0.785714286
HEP3B217_LIVER	-3.931548892	-3.931548892	-3.931548892	0
HOS_BONE	-4.010902854	-3.472737617	-3.663304458	0.142857143
HUCCT1_BILIARY_TRACT	-4.170331306	-4.170331306	-4.170331306	0
NCIH292_LUNG	-3.844248974	-2.599821718	-3.030088689	0.071428571
RERFLCAI_LUNG	-0.736641555	-0.051857657	-0.31475544	0.928571429
LS180_LARGE_INTESTINE	-2.18430491	0.302079993	-0.167926361	0.714285714
SIMA_AUTONOMIC_GANGLIA	-4.049302566	-4.049302566	-4.049302566	0
CAMA1_BREAST	-3.940981532	-3.940981532	-3.940981532	0
MDAMB436_BREAST	-3.917218614	-2.995103129	-3.379053377	0.071428571
NCIH1435_LUNG	-3.873290334	-2.070207953	-2.533871054	0.071428571
SNU1196_BILIARY_TRACT	-3.749614083	-3.749614083	-3.749614083	0
SNU449_LIVER	-3.973129992	-3.973129992	-3.973129992	0
TE9_OESOPHAGUS	-3.823882622	-2.627526649	-3.052625827	0.071428571
ABC1_LUNG	-3.719943412	-3.719943412	-3.719943412	0
NCIH1373_LUNG	-3.163847938	-2.227848852	-2.515676528	0.285714286
EBC1_LUNG	-4.014171476	-3.560919949	-3.806486572	0.071428571
SKMES1_LUNG	-4.176330683	-4.176330683	-4.176330683	0
HCC56_LARGE_INTESTINE	-4.455276739	-4.455276739	-4.455276739	0
OUMS23_LARGE_INTESTINE	-3.692023128	-2.173944839	-2.547002111	0.214285714
DETROIT562_UPPER_AERODIGESTIVE_TRACT	-3.967727896	-3.514476369	-3.760042992	0.071428571
PECAPJ49_UPPER_AERODIGESTIVE_TRACT	-3.799855179	-3.799855179	-3.799855179	0
SW1088_CENTRAL_NERVOUS_SYSTEM	-3.700093398	-3.700093398	-3.700093398	0
BCPAP_THYROID	-3.152567648	-0.940695743	-1.41251683	0.071428571
HDQP1_BREAST	-3.878942837	-3.878942837	-3.878942837	0
BICR56_UPPER_AERODIGESTIVE_TRACT	-3.818402914	-3.818402914	-3.818402914	0
SNU81_LARGE_INTESTINE	-4.107225352	-2.964931585	-3.383579754	0.071428571
OSRC2_KIDNEY	-3.821752418	-3.007592133	-3.368500892	0.071428571
2313287_STOMACH	-4.034838138	-4.034838138	-4.034838138	0
NCIH2170_LUNG	-4.081729931	-4.081729931	-4.081729931	0
HUPT3_PANCREAS	-3.542076932	-3.542076932	-3.542076932	0
HCC1428_BREAST	-3.998821318	-3.998821318	-3.998821318	0
NCIH650_LUNG	-0.758060622	-0.030173014	-0.293412987	0.714285714
NCIH2110_LUNG	-4.375063929	-3.087360012	-3.521860081	0.071428571
RERFLCKJ_LUNG	-3.954167198	-3.140006913	-3.500915672	0.071428571
PANC0403_PANCREAS	-3.819343382	-3.819343382	-3.819343382	0
NCIH23_LUNG	-1.696567936	-0.959502489	-1.227142063	0.571428571
NUGC3_STOMACH	-4.014171476	-2.396433371	-2.817815503	0.142857143
KNS81_CENTRAL_NERVOUS_SYSTEM	-3.767065418	-3.767065418	-3.767065418	0
COLO800_SKIN	-1.885257421	-0.991090705	-1.268512799	0.714285714
IPC298_SKIN	-3.852076501	-2.839055008	-3.125792215	0.285714286
GP2D_LARGE_INTESTINE	-3.959156333	-3.959156333	-3.959156333	0
OE21_OESOPHAGUS	-3.819611714	-3.819611714	-3.819611714	0
KYSE140_OESOPHAGUS	-4.259553636	-3.80630211	-4.051868733	0.071428571
NCIH1693_LUNG	-4.054409661	-4.054409661	-4.054409661	0
COV644_OVARY	-2.516160745	-1.088773912	-1.534585489	0.071428571
HCC38_BREAST	-3.959156333	-3.959156333	-3.959156333	0
NCIH2452_PLEURA	-3.836190857	-3.836190857	-3.836190857	0
SW1271_LUNG	-3.812171508	-3.812171508	-3.812171508	0
HT1376_URINARY_TRACT	-3.828243443	-3.828243443	-3.828243443	0
HEC251_ENDOMETRIUM	-3.810804942	-3.810804942	-3.810804942	0
KNS42_CENTRAL_NERVOUS_SYSTEM	-3.977067922	-2.797995578	-3.088042869	0.142857143
NCIH446_LUNG	-4.00376456	-4.00376456	-4.00376456	0
WM88_SKIN	-3.922012788	-2.525563741	-2.969150623	0.071428571
COLO741_SKIN	-0.327420634	0.027758953	-0.12009169	1
HEC108_ENDOMETRIUM	-4.008478557	-4.008478557	-4.008478557	0
MCF7_BREAST	-4.068095413	-4.068095413	-4.068095413	0
SKNAS_AUTONOMIC_GANGLIA	0.501498645	0.923944222	0.746778984	1
TM31_CENTRAL_NERVOUS_SYSTEM	-3.762194205	-3.762194205	-3.762194205	0
JHH7_LIVER	-1.286684174	-0.540620393	-0.794466575	0.857142857
NCIH2126_LUNG	-3.718422239	-3.718422239	-3.718422239	0
MFE319_ENDOMETRIUM	-3.936700726	-3.936700726	-3.936700726	0
NCIH747_LARGE_INTESTINE	-3.994449338	-3.994449338	-3.994449338	0
SNU308_BILIARY_TRACT	-3.77546074	-3.77546074	-3.77546074	0
HUH28_BILIARY_TRACT	-3.429579665	-3.429579665	-3.429579665	0
U118MG_CENTRAL_NERVOUS_SYSTEM	-3.104519459	-3.104519459	-3.104519459	0
SNU1214_UPPER_AERODIGESTIVE_TRACT	-3.641773329	-3.641773329	-3.641773329	0
NCIH2228_LUNG	-3.481061323	-2.053674489	-2.358394861	0.142857143
NCIH2444_LUNG	-3.756492901	-3.756492901	-3.756492901	0
HEC6_ENDOMETRIUM	-3.741662662	-2.733155508	-3.132501853	0.071428571
HCC366_LUNG	-3.73159632	-3.73159632	-3.73159632	0
TE10_OESOPHAGUS	-4.021900397	-4.021900397	-4.021900397	0
UACC257_SKIN	-3.700446483	-3.700446483	-3.700446483	0
8305C_THYROID	-3.809021952	-1.163113439	-1.636482544	0.142857143
IM95_STOMACH	-4.03679479	-4.03679479	-4.03679479	0
SCC25_UPPER_AERODIGESTIVE_TRACT	-4.002005569	-4.002005569	-4.002005569	0
BICR16_UPPER_AERODIGESTIVE_TRACT	-3.67892176	-3.67892176	-3.67892176	0
ONCODG1_OVARY	-3.70308551	-3.70308551	-3.70308551	0
KALS1_CENTRAL_NERVOUS_SYSTEM	-3.680032962	-3.680032962	-3.680032962	0
SKMEL5_SKIN	-2.915496164	-0.782979542	-1.248564166	0.214285714
ASPC1_PANCREAS	-3.122099187	-2.220668168	-2.519183499	0.428571429
SNU46_UPPER_AERODIGESTIVE_TRACT	-3.576271781	-3.576271781	-3.576271781	0
769P_KIDNEY	-4.215400414	-4.215400414	-4.215400414	0
NCIH841_LUNG	-0.871004459	-0.076715409	-0.344873474	0.642857143
SKMEL24_SKIN	-3.774866426	-2.766359273	-3.165705618	0.071428571
SNU1041_UPPER_AERODIGESTIVE_TRACT	-3.284653589	-1.793104489	-2.198706187	0.214285714
WM793_SKIN	-3.730609661	-3.730609661	-3.730609661	0
COV362_OVARY	-3.516969237	-3.516969237	-3.516969237	0
ISTMES1_PLEURA	-3.538760717	-3.538760717	-3.538760717	0
PANC0327_PANCREAS	-3.472496244	-3.472496244	-3.472496244	0
UACC62_SKIN	-1.177856175	-0.235620389	-0.55428661	0.5
UBLC1_URINARY_TRACT	-3.420597383	-3.420597383	-3.420597383	0
HCC1937_BREAST	-3.352697147	-3.352697147	-3.352697147	0
MALME3M_SKIN	-4.099127037	-3.428962276	-3.75152864	0.071428571
TUHR4TKB_KIDNEY	-3.35387463	-3.35387463	-3.35387463	0
NCIH1915_LUNG	0.346571274	0.748381485	0.578490195	1
CAPAN2_PANCREAS	-3.609060023	-3.609060023	-3.609060023	0
NCIH1623_LUNG	-3.45141133	-3.45141133	-3.45141133	0
SNU719_STOMACH	-3.292058257	-3.292058257	-3.292058257	0
SNU869_BILIARY_TRACT	-2.61637825	-0.798421224	-1.17963309	0.214285714
CAL78_BONE	-3.187856665	-3.187856665	-3.187856665	0
NCIH1355_LUNG	-3.746450962	-3.746450962	-3.746450962	0
RMUGS_OVARY	-3.923810236	-3.923810236	-3.923810236	0
S117_SOFT_TISSUE	-1.433600979	-0.143813665	-0.51923354	0.285714286
MDAMB435S_SKIN	-1.779104873	-0.557687277	-0.879931619	0.571428571
HS294T_SKIN	-1.619104718	-0.940700505	-1.197467687	0.642857143
TCCPAN2_PANCREAS	-3.973882832	-3.973882832	-3.973882832	0
SNB75_CENTRAL_NERVOUS_SYSTEM	-3.576036836	-3.576036836	-3.576036836	0
NCIH2009_LUNG	-3.753535858	-3.753535858	-3.753535858	0
NCIH1650_LUNG	-1.812314308	-1.078521924	-1.334577884	0.642857143
DV90_LUNG	-3.947923953	-3.947923953	-3.947923953	0
WM1799_SKIN	-2.381132094	-1.81321466	-2.025740126	0.5
WM2664_SKIN	-0.342416916	0.229940661	0.019455418	0.928571429
SNU410_PANCREAS	-3.770232712	-3.770232712	-3.770232712	0
OVISE_OVARY	-4.067413692	-4.067413692	-4.067413692	0
HCC1143_BREAST	-3.902177553	-3.902177553	-3.902177553	0
SNU1105_CENTRAL_NERVOUS_SYSTEM	-3.760199562	-3.760199562	-3.760199562	0
RCC10RGB_KIDNEY	-3.613394336	-3.613394336	-3.613394336	0
RERFLCAD1_LUNG	-2.069940133	-1.397684534	-1.649848644	0.5
NCIH226_LUNG	-3.797321201	-3.344069674	-3.589636297	0.071428571
SKMEL2_SKIN	-3.322172094	-3.322172094	-3.322172094	0
DKMG_CENTRAL_NERVOUS_SYSTEM	-3.466791638	-2.652631353	-3.013540111	0.071428571
CAOV3_OVARY	-3.764332087	-3.764332087	-3.764332087	0
IALM_LUNG	-3.362413313	-3.362413313	-3.362413313	0
NCIH2347_LUNG	-3.738117381	-3.738117381	-3.738117381	0
SKMEL3_SKIN	-2.98419601	-2.98419601	-2.98419601	0
SQ1_LUNG	-3.697968839	-3.697968839	-3.697968839	0
UMUC1_URINARY_TRACT	-3.374167089	-3.374167089	-3.374167089	0
LS1034_LARGE_INTESTINE	-3.46070472	-3.46070472	-3.46070472	0
COV434_OVARY	-3.51508041	-3.51508041	-3.51508041	0
CCFSTTG1_CENTRAL_NERVOUS_SYSTEM	-3.798167504	-3.798167504	-3.798167504	0
COLO680N_OESOPHAGUS	-3.95110634	-3.95110634	-3.95110634	0
SW900_LUNG	-3.831257114	-2.82274996	-3.222096306	0.071428571
SH10TC_STOMACH	-1.050841476	-0.731008804	-0.867323153	0.928571429
BT549_BREAST	-3.188430749	-3.188430749	-3.188430749	0
BICR6_UPPER_AERODIGESTIVE_TRACT	-3.962257757	-3.962257757	-3.962257757	0
BICR31_UPPER_AERODIGESTIVE_TRACT	-3.340743334	-3.340743334	-3.340743334	0
LNCAPCLONEFGC_PROSTATE	-3.597360405	-3.597360405	-3.597360405	0
TEN_ENDOMETRIUM	-3.289792762	-3.289792762	-3.289792762	0
RCM1_LARGE_INTESTINE	-4.031804255	-4.031804255	-4.031804255	0
SNU1079_BILIARY_TRACT	-3.874237542	-3.874237542	-3.874237542	0
BT474_BREAST	-3.767216766	-3.767216766	-3.767216766	0
EFO21_OVARY	-3.721122874	-3.721122874	-3.721122874	0
OV56_OVARY	-3.59780767	-3.59780767	-3.59780767	0
MDAMB175VII_BREAST	-3.658806669	-3.658806669	-3.658806669	0
TT_THYROID	-3.563399322	-3.563399322	-3.563399322	0
PANC0813_PANCREAS	-4.206521946	-4.206521946	-4.206521946	0
TM87_SOFT_TISSUE	-0.154849458	0.536807373	0.28275164	0.857142857
MON_SOFT_TISSUE	-2.948821359	-2.948821359	-2.948821359	0
SKNEP1_BONE	-3.795481866	-1.853675043	-2.320976817	0.071428571
EWS502_BONE	-3.513997381	-3.513997381	-3.513997381	0